Time taken to create Matrix A is 73
b : 1 0 0 0 0 0 0 0 0 0 0 0 0 0 0 0 0 0 0 0 0 0 0 0 0 0 0 0 0 0 0 0 0 0 0 0 0 0 0 0 0 0 0 0 0 0 0 0 0 0 0 0 0 0 0 0 0 0 0 0 0 0 0 0 0 0 0 0 0 0 0 0 0 0 0 0 0 0 0 0 0 0 0 0 0 0 0 0 0 0 0 0 0 0 0 0 0 0 0 0 
x_i : 83 86 77 15 93 35 86 92 49 21 62 27 90 59 63 26 40 26 72 36 11 68 67 29 82 30 62 23 67 35 29 2 22 58 69 67 93 56 11 42 29 73 21 19 84 37 98 24 15 70 13 26 91 80 56 73 62 70 96 81 5 25 84 27 36 5 46 29 13 57 24 95 82 45 14 67 34 64 43 50 87 8 76 78 88 84 3 51 54 99 32 60 76 68 39 12 26 86 94 39 
Error: 588.662
Error: 1.04971
Error: 1.61468
Error: 1.75595
Error: 1.62283
Error: 1.75605
Error: 1.60756
Error: 1.75363
Error: 1.57409
Error: 1.73761
Error: 1.49862
Error: 1.6658
Error: 1.33352
Error: 1.43161
Error: 1.03579
Error: 0.988931
Error: 0.671462
Error: 0.557281
Error: 0.378149
Error: 0.286661
Error: 0.198289
Error: 0.143665
Error: 0.10092
Error: 0.0715734
Error: 0.0507371
Error: 0.0356195
Error: 0.0253731
Error: 0.0177255
Error: 0.0126581
x_f : 0.992424 -3.78361e-05 -2.52382e-05 -1.8934e-05 -1.51498e-05 -1.26262e-05 -1.08234e-05 -9.47102e-06 -8.41908e-06 -7.57746e-06 -6.88881e-06 -6.31491e-06 -5.82927e-06 -5.413e-06 -5.05221e-06 -4.73652e-06 -4.45795e-06 -4.21034e-06 -3.98878e-06 -3.78937e-06 -3.60896e-06 -3.44494e-06 -3.29518e-06 -3.1579e-06 -3.0316e-06 -2.91502e-06 -2.80707e-06 -2.70683e-06 -2.6135e-06 -2.52639e-06 -2.44491e-06 -2.36851e-06 -2.29674e-06 -2.2292e-06 -2.16551e-06 -2.10537e-06 -2.04847e-06 -1.99457e-06 -1.94343e-06 -1.89485e-06 -1.84864e-06 -1.80462e-06 -1.76266e-06 -1.7226e-06 -1.68433e-06 -1.64771e-06 -1.61266e-06 -1.57906e-06 -1.54684e-06 -1.5159e-06 -1.48618e-06 -1.4576e-06 -1.4301e-06 -1.40362e-06 -1.3781e-06 -1.3535e-06 -1.32975e-06 -1.30683e-06 -1.28468e-06 -1.26327e-06 -1.24256e-06 -1.22252e-06 -1.20312e-06 -1.18432e-06 -1.1661e-06 -1.14843e-06 -1.13129e-06 -1.11466e-06 -1.0985e-06 -1.08281e-06 -1.06756e-06 -1.05273e-06 -1.03831e-06 -1.02428e-06 -1.01063e-06 -9.97329e-07 -9.84377e-07 -9.71757e-07 -9.59457e-07 -9.47464e-07 -9.35768e-07 -9.24357e-07 -9.1322e-07 -9.02349e-07 -8.91733e-07 -8.81365e-07 -8.71235e-07 -8.61335e-07 -8.51657e-07 -8.42195e-07 -8.3294e-07 -8.23887e-07 -8.15028e-07 -8.06358e-07 -7.9787e-07 -7.89559e-07 -7.8142e-07 -7.73446e-07 -7.65634e-07 -0.994797 
Time taken is 282354
