2 Threads time taken: 240
4 Threads time taken: 236
8 Threads time taken: 270
4.97418
4.96545
4.94806
4.93076
4.91355
4.89642
4.87938
4.86242
4.84555
4.82876
4.81205
4.79543
4.77889
4.76243
4.74605
4.72975
4.71354
4.6974
4.68134
4.66536
4.64946
4.63363
4.61788
4.60221
4.58661
4.57109
4.55564
4.54027
4.52497
4.50974
4.49459
4.47951
4.4645
4.44956
4.4347
4.4199
4.40517
4.39051
4.37593
4.36141
4.34695
4.33257
4.31825
4.304
4.28982
4.2757
4.26165
4.24766
4.23374
4.21988
4.20608
4.19235
4.17868
4.16508
4.15153
4.13805
4.12463
4.11127
4.09797
4.08473
4.07155
4.05843
4.04537
4.03237
4.01942
4.00654
3.99371
3.98094
3.96822
3.95556
3.94296
3.93041
3.91792
3.90549
3.89311
3.88078
3.86851
3.85629
3.84412
3.83201
3.81995
3.80795
3.79599
3.78409
3.77224
3.76043
3.74869
3.73699
3.72534
3.71374
3.70219
3.69069
3.67924
3.66783
3.65648
3.64517
3.63392
3.62271
3.61154
3.60043
3.58936
3.57833
3.56736
3.55643
3.54554
3.5347
3.5239
3.51315
3.50245
3.49179
3.48117
3.4706
3.46007
3.44958
3.43913
3.42873
3.41837
3.40806
3.39778
3.38755
3.37736
3.36721
3.3571
3.34703
3.337
3.32701
3.31707
3.30716
3.29729
3.28746
3.27767
3.26792
3.25821
3.24853
3.2389
3.2293
3.21974
3.21022
3.20074
3.19129
3.18188
3.1725
3.16317
3.15387
3.1446
3.13537
3.12618
3.11702
3.1079
3.09882
3.08976
3.08075
3.07176
3.06282
3.0539
3.04502
3.03618
3.02736
3.01858
3.00984
3.00113
2.99245
2.9838
2.97518
2.9666
2.95805
2.94953
2.94105
2.93259
2.92417
2.91578
2.90742
2.89909
2.89079
2.88252
2.87428
2.86607
2.8579
2.84975
2.84163
2.83354
2.82548
2.81745
2.80945
2.80148
2.79354
2.78563
2.77774
2.76988
2.76205
2.75425
2.74648
2.73874
2.73102
2.72333
2.71567
2.70803
2.70043
2.69284
2.68529
2.67776
2.67026
2.66279
2.65534
2.64792
2.64052
2.63315
2.6258
2.61849
2.61119
2.60392
2.59668
2.58946
2.58227
2.5751
2.56795
2.56084
2.55374
2.54667
2.53962
2.5326
2.5256
2.51863
2.51167
2.50475
2.49784
2.49096
2.4841
2.47727
2.47046
2.46367
2.4569
2.45016
2.44343
2.43673
2.43006
2.4234
2.41677
2.41016
2.40357
2.397
2.39046
2.38393
2.37743
2.37095
2.36449
2.35805
2.35163
2.34523
2.33886
2.3325
2.32616
2.31985
2.31355
2.30728
2.30103
2.29479
2.28858
2.28238
2.27621
2.27005
2.26392
2.2578
2.2517
2.24562
2.23957
2.23353
2.22751
2.2215
2.21552
2.20956
2.20361
2.19769
2.19178
2.18589
2.18002
2.17416
2.16833
2.16251
2.15671
2.15093
2.14516
2.13942
2.13369
2.12798
2.12228
2.1166
2.11095
2.1053
2.09968
2.09407
2.08848
2.0829
2.07735
2.0718
2.06628
2.06077
2.05528
2.0498
2.04435
2.0389
2.03348
2.02807
2.02267
2.01729
2.01193
2.00658
2.00125
1.99594
1.99063
1.98535
1.98008
1.97483
1.96959
1.96436
1.95916
1.95396
1.94878
1.94362
1.93847
1.93334
1.92822
1.92311
1.91802
1.91295
1.90788
1.90284
1.8978
1.89279
1.88778
1.88279
1.87781
1.87285
1.8679
1.86297
1.85805
1.85314
1.84825
1.84337
1.8385
1.83365
1.82881
1.82398
1.81917
1.81437
1.80958
1.80481
1.80005
1.7953
1.79057
1.78585
1.78114
1.77644
1.77176
1.76709
1.76243
1.75778
1.75315
1.74853
1.74392
1.73932
1.73474
1.73017
1.72561
1.72106
1.71653
1.712
1.70749
1.70299
1.6985
1.69403
1.68956
1.68511
1.68067
1.67624
1.67182
1.66742
1.66302
1.65864
1.65426
1.6499
1.64555
1.64121
1.63688
1.63257
1.62826
1.62397
1.61968
1.61541
1.61115
1.6069
1.60266
1.59843
1.59421
1.59
1.5858
1.58161
1.57743
1.57327
1.56911
1.56496
1.56083
1.5567
1.55258
1.54848
1.54438
1.5403
1.53622
1.53216
1.5281
1.52406
1.52002
1.51599
1.51198
1.50797
1.50397
1.49999
1.49601
1.49204
1.48808
1.48413
1.48019
1.47626
1.47234
1.46843
1.46452
1.46063
1.45675
1.45287
1.449
1.44515
1.4413
1.43746
1.43363
1.42981
1.426
1.42219
1.4184
1.41461
1.41083
1.40707
1.40331
1.39955
1.39581
1.39208
1.38835
1.38463
1.38093
1.37723
1.37353
1.36985
1.36617
1.36251
1.35885
1.3552
1.35155
1.34792
1.34429
1.34067
1.33706
1.33346
1.32987
1.32628
1.3227
1.31913
1.31557
1.31201
1.30846
1.30492
1.30139
1.29787
1.29435
1.29084
1.28734
1.28384
1.28036
1.27688
1.2734
1.26994
1.26648
1.26303
1.25959
1.25615
1.25273
1.2493
1.24589
1.24248
1.23908
1.23569
1.23231
1.22893
1.22556
1.22219
1.21884
1.21549
1.21214
1.2088
1.20547
1.20215
1.19884
1.19553
1.19222
1.18893
1.18564
1.18235
1.17908
1.17581
1.17255
1.16929
1.16604
1.16279
1.15956
1.15633
1.1531
1.14988
1.14667
1.14347
1.14027
1.13707
1.13389
1.13071
1.12753
1.12437
1.1212
1.11805
1.1149
1.11175
1.10862
1.10549
1.10236
1.09924
1.09613
1.09302
1.08992
1.08682
1.08373
1.08065
1.07757
1.07449
1.07143
1.06836
1.06531
1.06226
1.05921
1.05618
1.05314
1.05011
1.04709
1.04408
1.04106
1.03806
1.03506
1.03206
1.02907
1.02609
1.02311
1.02014
1.01717
1.01421
1.01125
1.0083
1.00535
1.00241
0.999475
0.996544
0.993618
0.990697
0.987781
0.98487
0.981965
0.979064
0.976169
0.973278
0.970393
0.967512
0.964637
0.961766
0.9589
0.956039
0.953183
0.950332
0.947486
0.944644
0.941807
0.938975
0.936148
0.933325
0.930507
0.927694
0.924886
0.922082
0.919283
0.916488
0.913698
0.910913
0.908132
0.905355
0.902584
0.899816
0.897053
0.894295
0.891541
0.888791
0.886046
0.883305
0.880569
0.877837
0.875109
0.872386
0.869667
0.866952
0.864241
0.861535
0.858833
0.856135
0.853441
0.850751
0.848066
0.845385
0.842707
0.840034
0.837365
0.8347
0.832039
0.829383
0.82673
0.824081
0.821436
0.818795
0.816158
0.813525
0.810896
0.808271
0.805649
0.803032
0.800418
0.797809
0.795203
0.7926
0.790002
0.787407
0.784816
0.782229
0.779646
0.777066
0.77449
0.771918
0.769349
0.766784
0.764222
0.761665
0.75911
0.75656
0.754012
0.751469
0.748929
0.746392
0.743859
0.74133
0.738804
0.736281
0.733762
0.731246
0.728734
0.726225
0.723719
0.721217
0.718718
0.716223
0.71373
0.711242
0.708756
0.706274
0.703795
0.701319
0.698846
0.696377
0.693911
0.691448
0.688988
0.686531
0.684078
0.681628
0.679181
0.676736
0.674295
0.671858
0.669423
0.666991
0.664562
0.662137
0.659714
0.657294
0.654877
0.652464
0.650053
0.647645
0.64524
0.642838
0.640439
0.638043
0.63565
0.633259
0.630872
0.628487
0.626105
0.623726
0.62135
0.618976
0.616605
0.614237
0.611872
0.60951
0.60715
0.604793
0.602438
0.600087
0.597738
0.595392
0.593048
0.590707
0.588368
0.586033
0.583699
0.581369
0.579041
0.576715
0.574392
0.572072
0.569754
0.567439
0.565126
0.562816
0.560508
0.558202
0.555899
0.553599
0.551301
0.549005
0.546712
0.544421
0.542133
0.539847
0.537563
0.535281
0.533002
0.530726
0.528451
0.526179
0.523909
0.521642
0.519377
0.517114
0.514853
0.512594
0.510338
0.508084
0.505832
0.503582
0.501335
0.499089
0.496846
0.494605
0.492366
0.490129
0.487895
0.485662
0.483432
0.481203
0.478977
0.476753
0.47453
0.47231
0.470092
0.467876
0.465662
0.46345
0.461239
0.459031
0.456825
0.454621
0.452418
0.450218
0.448019
0.445823
0.443628
0.441435
0.439244
0.437055
0.434868
0.432683
0.430499
0.428317
0.426138
0.423959
0.421783
0.419609
0.417436
0.415265
0.413096
0.410928
0.408763
0.406599
0.404436
0.402276
0.400117
0.39796
0.395804
0.39365
0.391498
0.389347
0.387198
0.385051
0.382905
0.380761
0.378619
0.376478
0.374339
0.372201
0.370065
0.36793
0.365797
0.363665
0.361535
0.359406
0.357279
0.355154
0.35303
0.350907
0.348786
0.346666
0.344548
0.342431
0.340315
0.338201
0.336089
0.333978
0.331868
0.329759
0.327652
0.325546
0.323442
0.321339
0.319237
0.317137
0.315038
0.31294
0.310843
0.308748
0.306654
0.304561
0.30247
0.30038
0.298291
0.296203
0.294117
0.292031
0.289947
0.287864
0.285783
0.283702
0.281623
0.279545
0.277467
0.275392
0.273317
0.271243
0.26917
0.267099
0.265029
0.262959
0.260891
0.258824
0.256758
0.254693
0.252629
0.250566
0.248504
0.246443
0.244383
0.242324
0.240266
0.238209
0.236153
0.234098
0.232044
0.229991
0.227939
0.225887
0.223837
0.221788
0.219739
0.217691
0.215645
0.213599
0.211554
0.20951
0.207466
0.205424
0.203382
0.201341
0.199301
0.197262
0.195224
0.193186
0.191149
0.189113
0.187078
0.185044
0.18301
0.180977
0.178944
0.176913
0.174882
0.172852
0.170822
0.168794
0.166766
0.164738
0.162711
0.160685
0.15866
0.156635
0.154611
0.152587
0.150564
0.148542
0.14652
0.144499
0.142479
0.140459
0.138439
0.13642
0.134402
0.132384
0.130367
0.12835
0.126334
0.124319
0.122303
0.120289
0.118274
0.116261
0.114247
0.112235
0.110222
0.10821
0.106199
0.104188
0.102177
0.100167
0.0981571
0.0961477
0.0941386
0.0921299
0.0901216
0.0881137
0.0861061
0.0840989
0.082092
0.0800854
0.0780792
0.0760732
0.0740676
0.0720623
0.0700572
0.0680524
0.0660479
0.0640437
0.0620397
0.060036
0.0580325
0.0560293
0.0540263
0.0520234
0.0500208
0.0480184
0.0460162
0.0440142
0.0420124
0.0400107
0.0380091
0.0360078
0.0340066
0.0320055
0.0300045
0.0280037
0.0260029
0.0240023
0.0220018
0.0200013
0.018001
0.0160007
0.0140005
0.0120003
0.0100002
0.00800009
0.00600004
0.00400001
0.002
0
-0.002
-0.00400001
-0.00600004
-0.00800009
-0.0100002
-0.0120003
-0.0140005
-0.0160007
-0.018001
-0.0200013
-0.0220018
-0.0240023
-0.0260029
-0.0280037
-0.0300045
-0.0320055
-0.0340066
-0.0360078
-0.0380091
-0.0400107
-0.0420124
-0.0440142
-0.0460162
-0.0480184
-0.0500208
-0.0520234
-0.0540263
-0.0560293
-0.0580325
-0.060036
-0.0620397
-0.0640437
-0.0660479
-0.0680524
-0.0700572
-0.0720623
-0.0740676
-0.0760732
-0.0780792
-0.0800854
-0.082092
-0.0840989
-0.0861061
-0.0881137
-0.0901216
-0.0921299
-0.0941386
-0.0961477
-0.0981571
-0.100167
-0.102177
-0.104188
-0.106199
-0.10821
-0.110222
-0.112235
-0.114247
-0.116261
-0.118274
-0.120289
-0.122303
-0.124319
-0.126334
-0.12835
-0.130367
-0.132384
-0.134402
-0.13642
-0.138439
-0.140459
-0.142479
-0.144499
-0.14652
-0.148542
-0.150564
-0.152587
-0.154611
-0.156635
-0.15866
-0.160685
-0.162711
-0.164738
-0.166766
-0.168794
-0.170822
-0.172852
-0.174882
-0.176913
-0.178944
-0.180977
-0.18301
-0.185044
-0.187078
-0.189113
-0.191149
-0.193186
-0.195224
-0.197262
-0.199301
-0.201341
-0.203382
-0.205424
-0.207466
-0.20951
-0.211554
-0.213599
-0.215645
-0.217691
-0.219739
-0.221788
-0.223837
-0.225887
-0.227939
-0.229991
-0.232044
-0.234098
-0.236153
-0.238209
-0.240266
-0.242324
-0.244383
-0.246443
-0.248504
-0.250566
-0.252629
-0.254693
-0.256758
-0.258824
-0.260891
-0.262959
-0.265029
-0.267099
-0.26917
-0.271243
-0.273317
-0.275392
-0.277467
-0.279545
-0.281623
-0.283702
-0.285783
-0.287864
-0.289947
-0.292031
-0.294117
-0.296203
-0.298291
-0.30038
-0.30247
-0.304561
-0.306654
-0.308748
-0.310843
-0.31294
-0.315038
-0.317137
-0.319237
-0.321339
-0.323442
-0.325546
-0.327652
-0.329759
-0.331868
-0.333978
-0.336089
-0.338201
-0.340315
-0.342431
-0.344548
-0.346666
-0.348786
-0.350907
-0.35303
-0.355154
-0.357279
-0.359406
-0.361535
-0.363665
-0.365797
-0.36793
-0.370065
-0.372201
-0.374339
-0.376478
-0.378619
-0.380761
-0.382905
-0.385051
-0.387198
-0.389347
-0.391498
-0.39365
-0.395804
-0.39796
-0.400117
-0.402276
-0.404436
-0.406599
-0.408763
-0.410928
-0.413096
-0.415265
-0.417436
-0.419609
-0.421783
-0.423959
-0.426138
-0.428317
-0.430499
-0.432683
-0.434868
-0.437055
-0.439244
-0.441435
-0.443628
-0.445823
-0.448019
-0.450218
-0.452418
-0.454621
-0.456825
-0.459031
-0.461239
-0.46345
-0.465662
-0.467876
-0.470092
-0.47231
-0.47453
-0.476753
-0.478977
-0.481203
-0.483432
-0.485662
-0.487895
-0.490129
-0.492366
-0.494605
-0.496846
-0.499089
-0.501335
-0.503582
-0.505832
-0.508084
-0.510338
-0.512594
-0.514853
-0.517114
-0.519377
-0.521642
-0.523909
-0.526179
-0.528451
-0.530726
-0.533002
-0.535281
-0.537563
-0.539847
-0.542133
-0.544421
-0.546712
-0.549005
-0.551301
-0.553599
-0.555899
-0.558202
-0.560508
-0.562816
-0.565126
-0.567439
-0.569754
-0.572072
-0.574392
-0.576715
-0.579041
-0.581369
-0.583699
-0.586033
-0.588368
-0.590707
-0.593048
-0.595392
-0.597738
-0.600087
-0.602438
-0.604793
-0.60715
-0.60951
-0.611872
-0.614237
-0.616605
-0.618976
-0.62135
-0.623726
-0.626105
-0.628487
-0.630872
-0.633259
-0.63565
-0.638043
-0.640439
-0.642838
-0.64524
-0.647645
-0.650053
-0.652464
-0.654877
-0.657294
-0.659714
-0.662137
-0.664562
-0.666991
-0.669423
-0.671858
-0.674295
-0.676736
-0.679181
-0.681628
-0.684078
-0.686531
-0.688988
-0.691448
-0.693911
-0.696377
-0.698846
-0.701319
-0.703795
-0.706274
-0.708756
-0.711242
-0.71373
-0.716223
-0.718718
-0.721217
-0.723719
-0.726225
-0.728734
-0.731246
-0.733762
-0.736281
-0.738804
-0.74133
-0.743859
-0.746392
-0.748929
-0.751469
-0.754012
-0.75656
-0.75911
-0.761665
-0.764222
-0.766784
-0.769349
-0.771918
-0.77449
-0.777066
-0.779646
-0.782229
-0.784816
-0.787407
-0.790002
-0.7926
-0.795203
-0.797809
-0.800418
-0.803032
-0.805649
-0.808271
-0.810896
-0.813525
-0.816158
-0.818795
-0.821436
-0.824081
-0.82673
-0.829383
-0.832039
-0.8347
-0.837365
-0.840034
-0.842707
-0.845385
-0.848066
-0.850751
-0.853441
-0.856135
-0.858833
-0.861535
-0.864241
-0.866952
-0.869667
-0.872386
-0.875109
-0.877837
-0.880569
-0.883305
-0.886046
-0.888791
-0.891541
-0.894295
-0.897053
-0.899816
-0.902584
-0.905355
-0.908132
-0.910913
-0.913698
-0.916488
-0.919283
-0.922082
-0.924886
-0.927694
-0.930507
-0.933325
-0.936148
-0.938975
-0.941807
-0.944644
-0.947486
-0.950332
-0.953183
-0.956039
-0.9589
-0.961766
-0.964637
-0.967512
-0.970393
-0.973278
-0.976169
-0.979064
-0.981965
-0.98487
-0.987781
-0.990697
-0.993618
-0.996544
-0.999475
-1.00241
-1.00535
-1.0083
-1.01125
-1.01421
-1.01717
-1.02014
-1.02311
-1.02609
-1.02907
-1.03206
-1.03506
-1.03806
-1.04106
-1.04408
-1.04709
-1.05011
-1.05314
-1.05618
-1.05921
-1.06226
-1.06531
-1.06836
-1.07143
-1.07449
-1.07757
-1.08065
-1.08373
-1.08682
-1.08992
-1.09302
-1.09613
-1.09924
-1.10236
-1.10549
-1.10862
-1.11175
-1.1149
-1.11805
-1.1212
-1.12437
-1.12753
-1.13071
-1.13389
-1.13707
-1.14027
-1.14347
-1.14667
-1.14988
-1.1531
-1.15633
-1.15956
-1.16279
-1.16604
-1.16929
-1.17255
-1.17581
-1.17908
-1.18235
-1.18564
-1.18893
-1.19222
-1.19553
-1.19884
-1.20215
-1.20547
-1.2088
-1.21214
-1.21549
-1.21884
-1.22219
-1.22556
-1.22893
-1.23231
-1.23569
-1.23908
-1.24248
-1.24589
-1.2493
-1.25273
-1.25615
-1.25959
-1.26303
-1.26648
-1.26994
-1.2734
-1.27688
-1.28036
-1.28384
-1.28734
-1.29084
-1.29435
-1.29787
-1.30139
-1.30492
-1.30846
-1.31201
-1.31557
-1.31913
-1.3227
-1.32628
-1.32987
-1.33346
-1.33706
-1.34067
-1.34429
-1.34792
-1.35155
-1.3552
-1.35885
-1.36251
-1.36617
-1.36985
-1.37353
-1.37723
-1.38093
-1.38463
-1.38835
-1.39208
-1.39581
-1.39955
-1.40331
-1.40707
-1.41083
-1.41461
-1.4184
-1.42219
-1.426
-1.42981
-1.43363
-1.43746
-1.4413
-1.44515
-1.449
-1.45287
-1.45675
-1.46063
-1.46452
-1.46843
-1.47234
-1.47626
-1.48019
-1.48413
-1.48808
-1.49204
-1.49601
-1.49999
-1.50397
-1.50797
-1.51198
-1.51599
-1.52002
-1.52406
-1.5281
-1.53216
-1.53622
-1.5403
-1.54438
-1.54848
-1.55258
-1.5567
-1.56083
-1.56496
-1.56911
-1.57327
-1.57743
-1.58161
-1.5858
-1.59
-1.59421
-1.59843
-1.60266
-1.6069
-1.61115
-1.61541
-1.61968
-1.62397
-1.62826
-1.63257
-1.63688
-1.64121
-1.64555
-1.6499
-1.65426
-1.65864
-1.66302
-1.66742
-1.67182
-1.67624
-1.68067
-1.68511
-1.68956
-1.69403
-1.6985
-1.70299
-1.70749
-1.712
-1.71653
-1.72106
-1.72561
-1.73017
-1.73474
-1.73932
-1.74392
-1.74853
-1.75315
-1.75778
-1.76243
-1.76709
-1.77176
-1.77644
-1.78114
-1.78585
-1.79057
-1.7953
-1.80005
-1.80481
-1.80958
-1.81437
-1.81917
-1.82398
-1.82881
-1.83365
-1.8385
-1.84337
-1.84825
-1.85314
-1.85805
-1.86297
-1.8679
-1.87285
-1.87781
-1.88279
-1.88778
-1.89279
-1.8978
-1.90284
-1.90788
-1.91295
-1.91802
-1.92311
-1.92822
-1.93334
-1.93847
-1.94362
-1.94878
-1.95396
-1.95916
-1.96436
-1.96959
-1.97483
-1.98008
-1.98535
-1.99063
-1.99594
-2.00125
-2.00658
-2.01193
-2.01729
-2.02267
-2.02807
-2.03348
-2.0389
-2.04435
-2.0498
-2.05528
-2.06077
-2.06628
-2.0718
-2.07735
-2.0829
-2.08848
-2.09407
-2.09968
-2.1053
-2.11095
-2.1166
-2.12228
-2.12798
-2.13369
-2.13942
-2.14516
-2.15093
-2.15671
-2.16251
-2.16833
-2.17416
-2.18002
-2.18589
-2.19178
-2.19769
-2.20361
-2.20956
-2.21552
-2.2215
-2.22751
-2.23353
-2.23957
-2.24562
-2.2517
-2.2578
-2.26392
-2.27005
-2.27621
-2.28238
-2.28858
-2.29479
-2.30103
-2.30728
-2.31355
-2.31985
-2.32616
-2.3325
-2.33886
-2.34523
-2.35163
-2.35805
-2.36449
-2.37095
-2.37743
-2.38393
-2.39046
-2.397
-2.40357
-2.41016
-2.41677
-2.4234
-2.43006
-2.43673
-2.44343
-2.45016
-2.4569
-2.46367
-2.47046
-2.47727
-2.4841
-2.49096
-2.49784
-2.50475
-2.51167
-2.51863
-2.5256
-2.5326
-2.53962
-2.54667
-2.55374
-2.56084
-2.56795
-2.5751
-2.58227
-2.58946
-2.59668
-2.60392
-2.61119
-2.61849
-2.6258
-2.63315
-2.64052
-2.64792
-2.65534
-2.66279
-2.67026
-2.67776
-2.68529
-2.69284
-2.70043
-2.70803
-2.71567
-2.72333
-2.73102
-2.73874
-2.74648
-2.75425
-2.76205
-2.76988
-2.77774
-2.78563
-2.79354
-2.80148
-2.80945
-2.81745
-2.82548
-2.83354
-2.84163
-2.84975
-2.8579
-2.86607
-2.87428
-2.88252
-2.89079
-2.89909
-2.90742
-2.91578
-2.92417
-2.93259
-2.94105
-2.94953
-2.95805
-2.9666
-2.97518
-2.9838
-2.99245
-3.00113
-3.00984
-3.01858
-3.02736
-3.03618
-3.04502
-3.0539
-3.06282
-3.07176
-3.08075
-3.08976
-3.09882
-3.1079
-3.11702
-3.12618
-3.13537
-3.1446
-3.15387
-3.16317
-3.1725
-3.18188
-3.19129
-3.20074
-3.21022
-3.21974
-3.2293
-3.2389
-3.24853
-3.25821
-3.26792
-3.27767
-3.28746
-3.29729
-3.30716
-3.31707
-3.32701
-3.337
-3.34703
-3.3571
-3.36721
-3.37736
-3.38755
-3.39778
-3.40806
-3.41837
-3.42873
-3.43913
-3.44958
-3.46007
-3.4706
-3.48117
-3.49179
-3.50245
-3.51315
-3.5239
-3.5347
-3.54554
-3.55643
-3.56736
-3.57833
-3.58936
-3.60043
-3.61154
-3.62271
-3.63392
-3.64517
-3.65648
-3.66783
-3.67924
-3.69069
-3.70219
-3.71374
-3.72534
-3.73699
-3.74869
-3.76043
-3.77224
-3.78409
-3.79599
-3.80795
-3.81995
-3.83201
-3.84412
-3.85629
-3.86851
-3.88078
-3.89311
-3.90549
-3.91792
-3.93041
-3.94296
-3.95556
-3.96822
-3.98094
-3.99371
-4.00654
-4.01942
-4.03237
-4.04537
-4.05843
-4.07155
-4.08473
-4.09797
-4.11127
-4.12463
-4.13805
-4.15153
-4.16508
-4.17868
-4.19235
-4.20608
-4.21988
-4.23374
-4.24766
-4.26165
-4.2757
-4.28982
-4.304
-4.31825
-4.33257
-4.34695
-4.36141
-4.37593
-4.39051
-4.40517
-4.4199
-4.4347
-4.44956
-4.4645
-4.47951
-4.49459
-4.50974
-4.52497
-4.54027
-4.55564
-4.57109
-4.58661
-4.60221
-4.61788
-4.63363
-4.64946
-4.66536
-4.68134
-4.6974
-4.71354
-4.72975
-4.74605
-4.76243
-4.77889
-4.79543
-4.81205
-4.82876
-4.84555
-4.86242
-4.87938
-4.89642
-4.91355
-4.93076
-4.94806
-4.96545
-4.97418

