-4.89678
-4.73009
-4.65074
-4.4958
-4.34808
-4.20714
-4.07254
-3.94389
-3.82083
-3.70301
-3.59013
-3.4819
-3.37804
-3.27832
-3.18249
-3.09034
-3.00167
-2.9163
-2.83403
-2.75472
-2.6782
-2.60434
-2.533
-2.46404
-2.39736
-2.33284
-2.27038
-2.20987
-2.15122
-2.09435
-2.03917
-1.98561
-1.93358
-1.88302
-1.83387
-1.78606
-1.73953
-1.69422
-1.65009
-1.60707
-1.56513
-1.52422
-1.48429
-1.4453
-1.40721
-1.36999
-1.33359
-1.29799
-1.26315
-1.22905
-1.19564
-1.1629
-1.13081
-1.09934
-1.06846
-1.03815
-1.00839
-0.979148
-0.950412
-0.922159
-0.894369
-0.867023
-0.840102
-0.81359
-0.78747
-0.761724
-0.736338
-0.711296
-0.686584
-0.662187
-0.638091
-0.614283
-0.590751
-0.567481
-0.544461
-0.52168
-0.499125
-0.476787
-0.454653
-0.432713
-0.410957
-0.389375
-0.367955
-0.34669
-0.325569
-0.304582
-0.283722
-0.262977
-0.242341
-0.221803
-0.201355
-0.180989
-0.160696
-0.140468
-0.120297
-0.100174
-0.0800908
-0.06004
-0.0400133
-0.0200027
0
0.0200027
0.0400133
0.06004
0.0800908
0.100174
0.120297
0.140468
0.160696
0.180989
0.201355
0.221803
0.242341
0.262977
0.283722
0.304582
0.325569
0.34669
0.367955
0.389375
0.410957
0.432713
0.454653
0.476787
0.499125
0.52168
0.544461
0.567481
0.590751
0.614283
0.638091
0.662187
0.686584
0.711296
0.736338
0.761724
0.78747
0.81359
0.840102
0.867023
0.894369
0.922159
0.950412
0.979148
1.00839
1.03815
1.06846
1.09934
1.13081
1.1629
1.19564
1.22905
1.26315
1.29799
1.33359
1.36999
1.40721
1.4453
1.48429
1.52422
1.56513
1.60707
1.65009
1.69422
1.73953
1.78606
1.83387
1.88302
1.93358
1.98561
2.03917
2.09435
2.15122
2.20987
2.27038
2.33284
2.39736
2.46404
2.533
2.60434
2.6782
2.75472
2.83403
2.9163
3.00167
3.09034
3.18249
3.27832
3.37804
3.4819
3.59013
3.70301
3.82083
3.94389
4.07254
4.20714
4.34808
4.4958
4.65074
4.73009
4.89678

