9801
9900
9999
10098
10197
10296
10395
10494
10593
10692
10791
10890
10989
11088
11187
11286
11385
11484
11583
11682
11781
11880
11979
12078
12177
12276
12375
12474
12573
12672
12771
12870
12969
13068
13167
13266
13365
13464
13563
13662
13761
13860
13959
14058
14157
14256
14355
14454
14553
14652
14751
14850
14949
15048
15147
15246
15345
15444
15543
15642
15741
15840
15939
16038
16137
16236
16335
16434
16533
16632
16731
16830
16929
17028
17127
17226
17325
17424
17523
17622
17721
17820
17919
18018
18117
18216
18315
18414
18513
18612
18711
18810
18909
19008
19107
19206
19305
19404
19503
19602

