2 0.1 0.1 0.1 0.1 0.1 0.1 0.1 0.1 1 
0.1 4 0.1 0.1 0.1 0.1 0.1 0.1 0.1 0.1 
0.1 0.1 6 0.1 0.1 0.1 0.1 0.1 0.1 0.1 
0.1 0.1 0.1 8 0.1 0.1 0.1 0.1 0.1 0.1 
0.1 0.1 0.1 0.1 10 0.1 0.1 0.1 0.1 0.1 
0.1 0.1 0.1 0.1 0.1 12 0.1 0.1 0.1 0.1 
0.1 0.1 0.1 0.1 0.1 0.1 14 0.1 0.1 0.1 
0.1 0.1 0.1 0.1 0.1 0.1 0.1 16 0.1 0.1 
0.1 0.1 0.1 0.1 0.1 0.1 0.1 0.1 18 0.1 
19 0.1 0.1 0.1 0.1 0.1 0.1 0.1 0.1 20 
1 0 0 0 0 0 0 0 0 0 
83 86 77 15 93 35 86 92 49 21 
0.952748 -0.00111817 -0.000739129 -0.000552007 -0.000440491 -0.000366459 -0.000313731 -0.000274268 -0.000243623 -0.905089 
