Intial mesh: 
2.44929e-16 0 0 0 0 0 0 0 0 0 0 0 0 0 0 0 0 0 0 0 0 
0.587785 0 0 0 0 0 0 0 0 0 0 0 0 0 0 0 0 0 0 0 0 
0.951057 0 0 0 0 0 0 0 0 0 0 0 0 0 0 0 0 0 0 0 0 
0.951057 0 0 0 0 0 0 0 0 0 0 0 0 0 0 0 0 0 0 0 0 
0.587785 0 0 0 0 0 0 0 0 0 0 0 0 0 0 0 0 0 0 0 0 
-1.22465e-16 0 0 0 0 0 0 0 0 0 0 0 0 0 0 0 0 0 0 0 0 
-0.587785 0 0 0 0 0 0 0 0 0 0 0 0 0 0 0 0 0 0 0 0 
-0.951057 0 0 0 0 0 0 0 0 0 0 0 0 0 0 0 0 0 0 0 0 
-0.951057 0 0 0 0 0 0 0 0 0 0 0 0 0 0 0 0 0 0 0 0 
-0.587785 0 0 0 0 0 0 0 0 0 0 0 0 0 0 0 0 0 0 0 0 
0 0 0 0 0 0 0 0 0 0 0 0 0 0 0 0 0 0 0 0 0 
0.587785 0 0 0 0 0 0 0 0 0 0 0 0 0 0 0 0 0 0 0 0 
0.951057 0 0 0 0 0 0 0 0 0 0 0 0 0 0 0 0 0 0 0 0 
0.951057 0 0 0 0 0 0 0 0 0 0 0 0 0 0 0 0 0 0 0 0 
0.587785 0 0 0 0 0 0 0 0 0 0 0 0 0 0 0 0 0 0 0 0 
1.22465e-16 0 0 0 0 0 0 0 0 0 0 0 0 0 0 0 0 0 0 0 0 
-0.587785 0 0 0 0 0 0 0 0 0 0 0 0 0 0 0 0 0 0 0 0 
-0.951057 0 0 0 0 0 0 0 0 0 0 0 0 0 0 0 0 0 0 0 0 
-0.951057 0 0 0 0 0 0 0 0 0 0 0 0 0 0 0 0 0 0 0 0 
-0.587785 0 0 0 0 0 0 0 0 0 0 0 0 0 0 0 0 0 0 0 0 
-2.44929e-16 0 0 0 0 0 0 0 0 0 0 0 0 0 0 0 0 0 0 0 0 


Error: 0.250261
Error: 0.115761
Error: 0.0734913
Error: 0.0520863
Error: 0.0392125
Error: 0.0306979
Error: 0.0247192
Error: 0.0203479
Error: 0.0170596
Error: 0.0145345
Error: 0.0125662
Error: 0.0110151
Error: 0.00978265
Error: 0.0087974
Error: 0.00800583
Error: 0.00736705
Error: 0.00684927
Error: 0.00642752
Error: 0.00608202
Error: 0.00579709
Error: 0.00556026
Error: 0.00536166
Error: 0.00519345
Error: 0.00504948
Error: 0.00492485
Error: 0.00481575
Error: 0.00471913
Error: 0.00463262
Error: 0.00455434
Error: 0.00448279
Error: 0.00441678
Error: 0.00435539
Error: 0.00429786
Error: 0.00424357
Error: 0.00419206
Error: 0.00414291
Error: 0.00409581
Error: 0.00405049
Error: 0.00400674
Error: 0.00396438
Error: 0.00392325
Error: 0.00388323
Error: 0.00384421
Error: 0.0038061
Error: 0.00376883
Error: 0.00373232
Error: 0.00369652
Error: 0.00366138
Error: 0.00362686
Error: 0.00359291
Error: 0.0035595
Error: 0.00352661
Error: 0.0034942
Error: 0.00346226
Error: 0.00343075
Error: 0.00339967
Error: 0.00336899
Error: 0.00333869
Error: 0.00330877
Error: 0.00327921
Error: 0.00325
Error: 0.00322113
Error: 0.00319258
Error: 0.00316435
Error: 0.00313643
Error: 0.00310881
Error: 0.00308148
Error: 0.00305444
Error: 0.00302768
Error: 0.00300119
Error: 0.00297498
Error: 0.00294902
Error: 0.00292333
Error: 0.00289789
Error: 0.00287269
Error: 0.00284775
Error: 0.00282304
Error: 0.00279857
Error: 0.00277434
Error: 0.00275034
Error: 0.00272656
Error: 0.00270301
Error: 0.00267968
Error: 0.00265656
Error: 0.00263367
Error: 0.00261098
Error: 0.00258851
Error: 0.00256624
Error: 0.00254418
Error: 0.00252232
Error: 0.00250066
Error: 0.0024792
Error: 0.00245794
Error: 0.00243687
Error: 0.00241599
Error: 0.0023953
Error: 0.0023748
Error: 0.00235448
Error: 0.00233435
Error: 0.0023144
Error: 0.00229463
Error: 0.00227504
Error: 0.00225563
Error: 0.00223639
Error: 0.00221733
Error: 0.00219843
Error: 0.00217971
Error: 0.00216115
Error: 0.00214277
Error: 0.00212454
Error: 0.00210648
Error: 0.00208858
Error: 0.00207084
Error: 0.00205326
Error: 0.00203584
Error: 0.00201857
Error: 0.00200146
Error: 0.0019845
Error: 0.00196769
Error: 0.00195104
Error: 0.00193453
Error: 0.00191816
Error: 0.00190195
Error: 0.00188587
Error: 0.00186994
Error: 0.00185416
Error: 0.00183851
Error: 0.001823
Error: 0.00180763
Error: 0.0017924
Error: 0.0017773
Error: 0.00176234
Error: 0.0017475
Error: 0.0017328
Error: 0.00171823
Error: 0.00170379
Error: 0.00168948
Error: 0.00167529
Error: 0.00166123
Error: 0.0016473
Error: 0.00163348
Error: 0.00161979
Error: 0.00160622
Error: 0.00159277
Error: 0.00157944
Error: 0.00156623
Error: 0.00155313
Error: 0.00154015
Error: 0.00152728
Error: 0.00151452
Error: 0.00150188
Error: 0.00148935
Error: 0.00147693
Error: 0.00146462
Error: 0.00145241
Error: 0.00144032
Error: 0.00142832
Error: 0.00141644
Error: 0.00140466
Error: 0.00139298
Error: 0.0013814
Error: 0.00136993
Error: 0.00135855
Error: 0.00134728
Error: 0.0013361
Error: 0.00132502
Error: 0.00131404
Error: 0.00130315
Error: 0.00129236
Error: 0.00128166
Error: 0.00127106
Error: 0.00126054
Error: 0.00125012
Error: 0.00123979
Error: 0.00122955
Error: 0.0012194
Error: 0.00120934
Error: 0.00119936
Error: 0.00118947
Error: 0.00117966
Error: 0.00116995
Error: 0.00116031
Error: 0.00115076
Error: 0.00114129
Error: 0.0011319
Error: 0.00112259
Error: 0.00111337
Error: 0.00110422
Error: 0.00109515
Error: 0.00108616
Error: 0.00107725
Error: 0.00106841
Error: 0.00105965
Error: 0.00105097
Error: 0.00104236
Error: 0.00103382
Error: 0.00102536
Error: 0.00101697
Error: 0.00100865
Error: 0.00100041
Error: 0.000992229
Error: 0.000984123
Error: 0.000976086
Error: 0.000968117
Error: 0.000960217
Error: 0.000952384
Error: 0.000944617
Error: 0.000936917
Error: 0.000929283
Error: 0.000921714
Error: 0.000914209
Error: 0.000906768
Error: 0.00089939
Error: 0.000892075
Error: 0.000884822
Error: 0.000877631
Error: 0.000870501
Error: 0.000863431
Error: 0.000856421
Error: 0.00084947
Error: 0.000842578
Error: 0.000835745
Error: 0.000828969
Error: 0.000822251
Error: 0.000815589
Error: 0.000808984
Error: 0.000802434
Error: 0.00079594
Error: 0.0007895
Error: 0.000783115
Error: 0.000776783
Error: 0.000770505
Error: 0.000764279
Error: 0.000758106
Error: 0.000751984
Error: 0.000745914
Error: 0.000739895
Error: 0.000733927
Error: 0.000728008
Error: 0.00072214
Error: 0.00071632
Error: 0.000710549
Error: 0.000704826
Error: 0.000699151
Error: 0.000693524
Error: 0.000687943
Error: 0.00068241
Error: 0.000676922
Error: 0.00067148
Error: 0.000666083
Error: 0.000660732
Error: 0.000655425
Error: 0.000650162
Error: 0.000644943
Error: 0.000639768
Error: 0.000634635
Error: 0.000629545
Error: 0.000624498
Error: 0.000619492
Error: 0.000614528
Error: 0.000609605
Error: 0.000604722
Error: 0.000599881
Error: 0.000595079
Error: 0.000590317
Error: 0.000585594
Error: 0.000580911
Error: 0.000576266
Error: 0.00057166
Error: 0.000567091
Error: 0.000562561
Error: 0.000558067
Error: 0.000553611
Error: 0.000549192
Error: 0.000544809
Error: 0.000540462
Error: 0.00053615
Error: 0.000531875
Error: 0.000527634
Error: 0.000523428
Error: 0.000519257
Error: 0.00051512
Error: 0.000511017
Error: 0.000506948
Error: 0.000502912
Error: 0.00049891
Error: 0.00049494
Error: 0.000491002
Error: 0.000487097
Error: 0.000483224
Error: 0.000479382
Error: 0.000475572
Error: 0.000471793
Error: 0.000468045
Error: 0.000464328
Error: 0.000460641
Error: 0.000456984
Error: 0.000453357
Error: 0.000449759
Error: 0.000446191
Error: 0.000442652
Error: 0.000439141
Error: 0.00043566
Error: 0.000432206
Error: 0.000428781
Error: 0.000425384
Error: 0.000422014
Error: 0.000418671
Error: 0.000415356
Error: 0.000412068
Error: 0.000408806
Error: 0.000405571
Error: 0.000402362
Error: 0.000399179
Error: 0.000396022
Error: 0.000392891
Error: 0.000389785
Error: 0.000386704
Error: 0.000383648
Error: 0.000380616
Error: 0.00037761
Error: 0.000374627
Error: 0.000371669
Error: 0.000368735
Error: 0.000365824
Error: 0.000362937
Error: 0.000360073
Error: 0.000357232
Error: 0.000354414
Error: 0.000351619
Error: 0.000348847
Error: 0.000346096
Error: 0.000343368
Error: 0.000340662
Error: 0.000337978
Error: 0.000335315
Error: 0.000332674
Error: 0.000330054
Error: 0.000327455
Error: 0.000324877
Error: 0.00032232
Error: 0.000319783
Error: 0.000317266
Error: 0.00031477
Error: 0.000312294
Error: 0.000309838
Error: 0.000307401
Error: 0.000304984
Error: 0.000302587
Error: 0.000300208
Error: 0.000297849
Error: 0.000295508
Error: 0.000293187
Error: 0.000290883
Error: 0.000288599
Error: 0.000286332
Error: 0.000284084
Error: 0.000281854
Error: 0.000279641
Error: 0.000277447
Error: 0.000275269
Error: 0.00027311
Error: 0.000270967
Error: 0.000268841
Error: 0.000266733
Error: 0.000264641
Error: 0.000262566
Error: 0.000260508
Error: 0.000258466
Error: 0.00025644
Error: 0.000254431
Error: 0.000252437
Error: 0.000250459
Error: 0.000248497
Error: 0.000246551
Error: 0.00024462
Error: 0.000242705
Error: 0.000240804
Error: 0.000238919
Error: 0.000237049
Error: 0.000235194
Error: 0.000233354
Error: 0.000231528
Error: 0.000229716
Error: 0.000227919
Error: 0.000226137
Error: 0.000224368
Error: 0.000222614
Error: 0.000220873
Error: 0.000219146
Error: 0.000217433
Error: 0.000215734
Error: 0.000214048
Error: 0.000212375
Error: 0.000210716
Error: 0.000209069
Error: 0.000207436
Error: 0.000205816
Error: 0.000204209
Error: 0.000202614
Error: 0.000201032
Error: 0.000199462
Error: 0.000197905
Error: 0.00019636
Error: 0.000194828
Error: 0.000193307
Error: 0.000191799
Error: 0.000190302
Error: 0.000188818
Error: 0.000187345
Error: 0.000185883
Error: 0.000184434
Error: 0.000182995
Error: 0.000181568
Error: 0.000180153
Error: 0.000178748
Error: 0.000177355
Error: 0.000175972
Error: 0.000174601
Error: 0.00017324
Error: 0.00017189
Error: 0.000170551
Error: 0.000169222
Error: 0.000167903
Error: 0.000166596
Error: 0.000165298
Error: 0.000164011
Error: 0.000162733
Error: 0.000161466
Error: 0.000160209
Error: 0.000158961
Error: 0.000157724
Error: 0.000156496
Error: 0.000155278
Error: 0.00015407
Error: 0.000152871
Error: 0.000151681
Error: 0.000150501
Error: 0.00014933
Error: 0.000148168
Error: 0.000147015
Error: 0.000145872
Error: 0.000144737
Error: 0.000143612
Error: 0.000142495
Error: 0.000141387
Error: 0.000140287
Error: 0.000139197
Error: 0.000138114
Error: 0.000137041
Error: 0.000135975
Error: 0.000134919
Error: 0.00013387
Error: 0.00013283
Error: 0.000131797
Error: 0.000130773
Error: 0.000129757
Error: 0.000128749
Error: 0.000127749
Error: 0.000126757
Error: 0.000125772
Error: 0.000124795
Error: 0.000123826
Error: 0.000122864
Error: 0.00012191
Error: 0.000120963
Error: 0.000120024
Error: 0.000119092
Error: 0.000118168
Error: 0.000117251
Error: 0.00011634
Error: 0.000115437
Error: 0.000114541
Error: 0.000113652
Error: 0.00011277
Error: 0.000111895
Error: 0.000111027
Error: 0.000110166
Error: 0.000109311
Error: 0.000108463
Error: 0.000107621
Error: 0.000106787
Error: 0.000105958
Error: 0.000105136
Error: 0.000104321
Error: 0.000103512
Error: 0.000102709
Error: 0.000101913
Error: 0.000101123
Error: 0.000100338
Error: 9.95605e-05
Error less than threshold, MESH CONVERGED!!
It took 491 iterations.
It took 0.016962 secs.

Final Mesh: 
2.44929e-16 0 0 0 0 0 0 0 0 0 0 0 0 0 0 0 0 0 0 0 0 
0.587785 0.336797 0.199886 0.125327 0.0846859 0.062498 0.0504164 0.04397 0.0407828 0.0396018 0.039768 0.040929 0.042882 0.0454884 0.0486242 0.052151 0.0558926 0.0596123 0.0629772 0.0654903 0.0663281 
0.951057 0.54332 0.322925 0.203742 0.139227 0.1043 0.0855101 0.0756952 0.0710756 0.0696742 0.0704608 0.0728869 0.0766332 0.0814707 0.0871821 0.0935126 0.100134 0.106606 0.112333 0.116484 0.117867 
0.951057 0.548007 0.33196 0.2162 0.154199 0.121086 0.103653 0.0949538 0.0913822 0.0910942 0.0931528 0.0970661 0.102537 0.109326 0.11717 0.125734 0.134575 0.143099 0.15052 0.155798 0.157558 
0.587785 0.352697 0.229421 0.165118 0.131807 0.114823 0.106599 0.103326 0.103152 0.10522 0.109147 0.114749 0.121889 0.130394 0.140008 0.150354 0.160908 0.170972 0.17963 0.185711 0.187739 
-1.22465e-16 0.0338836 0.0579251 0.0745669 0.0859203 0.0937392 0.0994425 0.104154 0.108742 0.113853 0.119939 0.127272 0.135959 0.145943 0.157006 0.16876 0.180632 0.191852 0.201419 0.208082 0.210304 
-0.587785 -0.285678 -0.115051 -0.0180662 0.0375069 0.0698187 0.0892341 0.10177 0.110982 0.118994 0.127072 0.135937 0.145932 0.157119 0.169326 0.182163 0.195029 0.207104 0.217336 0.22442 0.226781 
-0.951057 -0.483447 -0.222365 -0.0757536 0.00719871 0.0547494 0.0827697 0.100286 0.112505 0.12246 0.13192 0.141879 0.152828 0.164899 0.177943 0.191568 0.205151 0.217839 0.228542 0.235923 0.238383 
-0.951057 -0.483678 -0.222481 -0.0755458 0.00784085 0.0558708 0.0843802 0.102383 0.115084 0.125525 0.135481 0.145952 0.157429 0.170038 0.183619 0.197762 0.211818 0.224912 0.235927 0.243503 0.246028 
-0.587785 -0.286213 -0.11511 -0.0170502 0.0398916 0.0736771 0.094574 0.108568 0.119221 0.128683 0.138246 0.148647 0.160233 0.173049 0.186885 0.201295 0.215609 0.228927 0.240115 0.247801 0.250363 
0 0.0335338 0.0588322 0.0776039 0.0914528 0.101839 0.11005 0.117186 0.124153 0.131654 0.140196 0.15009 0.161449 0.17419 0.188031 0.202487 0.216862 0.23024 0.241479 0.249197 0.25177 
0.587785 0.35343 0.232929 0.172322 0.142932 0.129742 0.12508 0.125167 0.128253 0.133597 0.14092 0.150102 0.161025 0.17348 0.187119 0.201423 0.215679 0.228965 0.240137 0.247815 0.250374 
0.951057 0.551287 0.340657 0.230865 0.174563 0.146587 0.13374 0.12924 0.129697 0.133476 0.139808 0.148306 0.15871 0.170735 0.183999 0.197968 0.211932 0.224974 0.235962 0.243526 0.246047 
0.951057 0.551518 0.340774 0.230657 0.173921 0.145465 0.132129 0.127144 0.127118 0.130412 0.136247 0.144233 0.154109 0.165596 0.178322 0.191775 0.205264 0.217902 0.228578 0.235946 0.238401 
0.587785 0.353966 0.232987 0.171306 0.140547 0.125884 0.11974 0.118369 0.120013 0.123908 0.129746 0.137391 0.146723 0.15755 0.169561 0.18229 0.195098 0.207143 0.217358 0.224434 0.226793 
1.22465e-16 0.0338836 0.0579251 0.0745669 0.0859203 0.0937392 0.0994425 0.104154 0.108742 0.113853 0.119939 0.127272 0.135959 0.145943 0.157006 0.16876 0.180632 0.191852 0.201419 0.208082 0.210304 
-0.587785 -0.286946 -0.118618 -0.0242547 0.0287669 0.0587576 0.0760936 0.0867276 0.0941207 0.100306 0.106473 0.113294 0.121097 0.129963 0.139773 0.150226 0.160839 0.170933 0.179608 0.185697 0.187727 
-0.951057 -0.486958 -0.231178 -0.090211 -0.0125233 0.0303704 0.0542936 0.0680965 0.0767688 0.0831429 0.0888263 0.094712 0.101256 0.108629 0.11679 0.125527 0.134462 0.143036 0.150485 0.155776 0.157539 
-0.951057 -0.491644 -0.240213 -0.102669 -0.0274948 0.0135844 0.0361504 0.048838 0.0564622 0.0617229 0.0661344 0.0705328 0.0753522 0.0807737 0.0868027 0.0933058 0.100021 0.106544 0.112298 0.116461 0.117849 
-0.587785 -0.302846 -0.148152 -0.0640455 -0.0183541 0.00643255 0.0199104 0.0273713 0.0317512 0.0346876 0.0370941 0.0394741 0.0420904 0.0450575 0.0483897 0.0520232 0.0558228 0.0595737 0.0629551 0.0654763 0.0663167 
-2.44929e-16 0 0 0 0 0 0 0 0 0 0 0 0 0 0 0 0 0 0 0 0 

