0
1.99349e-74
-3.67675e-74
-1.33924e-73
1.97199e-73
4.86621e-73
-7.83704e-73
-1.4636e-72
2.70072e-72
3.98595e-72
-8.5394e-72
-1.01762e-71
2.54686e-71
2.47715e-71
-7.27997e-71
-5.80398e-71
2.01476e-70
1.31635e-70
-5.43645e-70
-2.90046e-70
1.43747e-69
6.22509e-70
-3.73869e-69
-1.30445e-69
9.59285e-69
2.67693e-69
-2.43381e-68
-5.40736e-69
6.11691e-68
1.0852e-68
-1.52518e-67
-2.19928e-68
3.77703e-67
4.61526e-68
-9.29842e-67
-1.03374e-67
2.27709e-66
2.52772e-67
-5.54952e-66
-6.74883e-67
1.34629e-65
1.92452e-66
-3.25123e-65
-5.69086e-66
7.81504e-65
1.7033e-65
-1.86918e-64
-5.08203e-65
4.44624e-64
1.49926e-64
-1.05114e-63
-4.35694e-64
2.46758e-63
1.24552e-63
-5.74562e-63
-3.50179e-63
1.32509e-62
9.68561e-63
-3.02156e-62
-2.63664e-62
6.79695e-62
7.06712e-62
-1.50386e-61
-1.86564e-61
3.25961e-61
4.85138e-61
-6.88176e-61
-1.24258e-60
1.40287e-60
3.13385e-60
-2.72167e-60
-7.77849e-60
4.88993e-60
1.89851e-59
-7.63981e-60
-4.55104e-59
8.3372e-60
1.06971e-58
3.81775e-60
-2.45966e-58
-6.44079e-59
5.51487e-58
2.78568e-58
-1.2001e-57
-9.35795e-58
2.5169e-57
2.79172e-57
-5.02965e-57
-7.73081e-57
9.3847e-57
2.02564e-56
-1.56708e-56
-5.06738e-56
2.08086e-56
1.21467e-55
-1.03951e-56
-2.78975e-55
-6.40241e-56
6.11767e-55
3.43368e-55
-1.27073e-54
-1.20124e-54
2.46119e-54
3.55892e-54
-4.3017e-54
-9.54265e-54
6.24025e-54
2.37328e-53
-5.22016e-54
-5.52194e-53
-9.32793e-54
1.20099e-52
6.78531e-53
-2.41681e-52
-2.48613e-52
4.38451e-52
7.34992e-52
-6.70766e-52
-1.91948e-51
6.72606e-52
4.5571e-51
4.98731e-52
-9.89111e-51
-5.53136e-51
1.94064e-50
2.11233e-50
-3.31382e-50
-6.21738e-50
4.37469e-50
1.58045e-49
-2.0046e-50
-3.57779e-49
-1.32408e-49
7.20435e-49
6.53555e-49
-1.24848e-48
-2.07425e-48
1.65883e-48
5.40901e-48
-7.66558e-49
-1.22281e-47
-4.91878e-48
2.39965e-47
2.39005e-47
-3.90054e-47
-7.38206e-47
4.31231e-47
1.849e-46
1.26604e-47
-3.93584e-46
-2.5757e-46
7.00046e-46
9.73489e-46
-9.28743e-46
-2.6637e-45
3.78612e-46
5.97417e-45
2.88935e-45
-1.10483e-44
-1.31745e-44
1.53626e-44
3.81115e-44
-8.34741e-45
-8.70824e-44
-3.92071e-44
1.60357e-43
1.90501e-43
-2.14645e-43
-5.51396e-43
8.22276e-44
1.23062e-42
6.74961e-43
-2.14664e-42
-2.93779e-42
2.48241e-42
7.99352e-42
4.6226e-43
-1.65866e-41
-1.30157e-41
2.55356e-41
4.62671e-41
-1.95873e-41
-1.12114e-40
-4.29337e-41
2.0341e-40
2.45001e-40
-2.39545e-40
-6.98708e-40
-3.98966e-41
1.43229e-39
1.20897e-39
-2.03856e-39
-4.1477e-39
9.33255e-40
9.40085e-39
5.67729e-39
-1.49369e-38
-2.4065e-38
1.11655e-38
5.92306e-38
2.63384e-38
-1.00597e-37
-1.39592e-37
8.93587e-38
3.64912e-37
1.29494e-37
-6.40645e-37
-8.24545e-37
5.97372e-37
2.22225e-36
7.39204e-37
-3.90501e-36
-5.01161e-36
3.49138e-36
1.34238e-35
5.07481e-36
-2.28019e-35
-3.1331e-35
1.75501e-35
8.01469e-35
3.92195e-35
-1.26193e-34
-1.99068e-34
6.74754e-35
4.68273e-34
3.11816e-34
-6.4636e-34
-1.25755e-33
7.84124e-35
2.62206e-33
2.41958e-33
-2.90465e-33
-7.72924e-33
-1.89157e-33
1.35782e-32
1.76328e-32
-9.45108e-33
-4.52057e-32
-2.6665e-32
6.25351e-32
1.16774e-31
-4.36685e-34
-2.35633e-31
-2.51033e-31
2.19715e-31
7.20306e-31
3.05507e-31
-1.03293e-30
-1.76503e-30
3.37518e-32
3.85743e-30
3.89377e-30
-3.62839e-30
-1.16524e-29
-5.68329e-30
1.66389e-29
2.96499e-29
4.0818e-31
-5.76965e-29
-6.57241e-29
3.86576e-29
1.72393e-28
1.20987e-28
-1.97916e-28
-4.63368e-28
-1.49486e-28
7.28152e-28
1.13815e-27
-8.32158e-29
-2.30498e-27
-2.55546e-27
1.4367e-27
6.64773e-27
5.1568e-27
-6.64772e-27
-1.7934e-26
-8.85885e-27
2.37494e-26
4.59276e-26
1.05492e-26
-7.51014e-26
-1.12703e-25
4.30555e-27
2.20702e-25
2.66801e-25
-8.70686e-26
-6.17492e-25
-6.12707e-25
3.98263e-25
1.669e-24
1.37258e-24
-1.40495e-24
-4.40173e-24
-3.01963e-24
4.40253e-24
1.14126e-23
6.58456e-24
-1.28585e-23
-2.92607e-23
-1.44239e-23
3.57912e-23
7.45288e-23
3.23267e-23
-9.60582e-23
-1.89229e-22
-7.56985e-23
2.5012e-22
4.7998e-22
1.88412e-22
-6.33492e-22
-1.2173e-21
-5.00874e-22
1.5601e-21
3.0851e-21
1.40754e-21
-3.72303e-21
-7.79792e-21
-4.09935e-21
8.54561e-21
1.95914e-20
1.2119e-20
-1.86054e-20
-4.86938e-20
-3.57597e-20
3.7392e-20
1.18987e-19
1.04043e-19
-6.51657e-20
-2.83538e-19
-2.95889e-19
7.96236e-20
6.5164e-19
8.16799e-19
3.32637e-20
-1.42095e-18
-2.17418e-18
-6.94069e-19
2.85937e-18
5.53777e-18
3.22962e-18
-5.01042e-18
-1.3357e-17
-1.13852e-17
6.39823e-18
3.00184e-17
3.47132e-17
2.36961e-19
-6.10667e-17
-9.49826e-17
-3.97436e-17
1.05501e-16
2.34793e-16
1.82488e-16
-1.25335e-16
-5.17458e-16
-5.98655e-16
-4.46174e-17
9.74101e-16
1.63122e-15
9.13211e-16
-1.37083e-15
-3.79024e-15
-3.73804e-15
5.1339e-16
7.29378e-15
1.09802e-14
5.34379e-15
-1.01533e-14
-2.58407e-14
-2.50915e-14
2.8789e-15
4.76896e-14
7.41944e-14
4.20742e-14
-5.61846e-14
-1.65523e-13
-1.82198e-13
-2.57607e-14
2.64994e-13
4.91574e-13
3.86134e-13
-1.7196e-13
-9.42697e-13
-1.32206e-12
-6.84158e-13
1.03844e-12
2.93234e-12
3.33053e-12
8.7986e-13
-4.01382e-12
-8.44705e-12
-8.08269e-12
-1.54328e-13
1.30892e-11
2.32696e-11
1.94561e-11
-3.88656e-12
-3.8831e-11
-6.26008e-11
-4.79299e-11
1.67009e-11
1.08048e-10
1.66653e-10
1.24128e-10
-4.65641e-11
-2.85171e-10
-4.41389e-10
-3.41471e-10
8.93064e-11
7.12044e-10
1.15931e-09
9.85251e-10
-4.27885e-11
-1.65155e-09
-2.98235e-09
-2.89522e-09
-6.39036e-10
3.39838e-09
7.3473e-09
8.36823e-09
4.10224e-09
-5.45467e-09
-1.6704e-08
-2.29686e-08
-1.7319e-08
3.01018e-09
3.26837e-08
5.75492e-08
5.91333e-08
2.4032e-08
-4.5264e-08
-1.24006e-07
-1.69162e-07
-1.3612e-07
-4.16827e-09
1.99993e-07
3.94922e-07
4.64579e-07
3.06791e-07
-1.04101e-07
-6.68033e-07
-1.15522e-06
-1.26844e-06
-7.67018e-07
3.849e-07
1.91006e-06
3.21886e-06
3.56211e-06
2.3225e-06
-6.37915e-07
-4.71273e-06
-8.5194e-06
-1.02014e-05
-8.05429e-06
-1.32504e-06
9.09123e-06
2.03788e-05
2.82104e-05
2.79048e-05
1.61339e-05
-7.29321e-06
-3.82062e-05
-6.80331e-05
-8.53216e-05
-7.87637e-05
-4.11391e-05
2.68653e-05
0.000114231
0.000199725
0.000255202
0.000251938
0.000168906
1.15023e-06
-0.000234023
-0.00049518
-0.000720642
-0.000838375
-0.000780699
-0.000501348
8.52525e-06
0.000709022
0.00150794
0.00226687
0.00281707
0.00298354
0.00261387
0.00160773
-5.7793e-05
-0.00231083
-0.0049787
-0.00779324
-0.0104093
-0.0124289
-0.0134386
-0.0130321
-0.010866
-0.00663304
-0.000190441
0.00866651
0.0197136
0.0333303
0.0484047
0.0666519
0.0857242
0.106172
0.127729
0.150146
0.1732
0.196698
0.220475
0.244398
0.26836
0.292279
0.316091
0.339748
0.363215
0.386464
0.409472
0.432222
0.454697
0.476882
0.498765
0.520332
0.541569
0.562463
0.583002
0.603172
0.622961
0.642357
0.661347
0.67992
0.698063
0.715765
0.733015
0.749802
0.766115
0.781945
0.79728
0.812112
0.826432
0.840229
0.853495
0.866222
0.878403
0.890028
0.901091
0.911585
0.921504
0.93084
0.939588
0.947743
0.955299
0.962252
0.968597
0.974331
0.979449
0.983948
0.987826
0.991079
0.993707
0.995707
0.997079
0.99782
0.997931
0.997412
0.996263
0.994485
0.992079
0.989046
0.985388
0.981108
0.976208
0.970691
0.964562
0.957823
0.950479
0.942535
0.933996
0.924866
0.915153
0.904861
0.893998
0.882571
0.870585
0.85805
0.844973
0.831362
0.817227
0.802575
0.787416
0.771759
0.755616
0.738995
0.721907
0.704363
0.686374
0.667952
0.649108
0.629854
0.610202
0.590165
0.569755
0.548985
0.527868
0.506418
0.484648
0.462572
0.440204
0.417557
0.394647
0.371488
0.348094
0.32448
0.300662
0.276653
0.252469
0.228127
0.20364
0.179024
0.154295
0.129469
0.104561
0.0795875
0.0545633
0.0295046
0.00442731
-0.0206528
-0.0457198
-0.070758
-0.0957515
-0.120684
-0.145541
-0.170306
-0.194963
-0.219498
-0.243893
-0.268134
-0.292207
-0.316094
-0.339782
-0.363255
-0.386499
-0.409499
-0.43224
-0.454708
-0.476889
-0.498768
-0.520333
-0.541569
-0.562463
-0.583001
-0.603172
-0.622961
-0.642357
-0.661347
-0.67992
-0.698063
-0.715765
-0.733015
-0.749802
-0.766115
-0.781945
-0.79728
-0.812112
-0.826432
-0.840229
-0.853495
-0.866222
-0.878403
-0.890028
-0.901091
-0.911585
-0.921504
-0.93084
-0.939588
-0.947743
-0.955299
-0.962252
-0.968597
-0.974331
-0.979448
-0.983948
-0.987825
-0.991079
-0.993707
-0.995708
-0.997079
-0.997821
-0.997932
-0.997412
-0.996263
-0.994484
-0.992077
-0.989045
-0.985388
-0.98111
-0.976211
-0.970695
-0.964565
-0.957823
-0.950474
-0.942526
-0.933984
-0.924857
-0.915151
-0.904871
-0.89402
-0.882602
-0.870617
-0.858069
-0.844967
-0.831322
-0.817153
-0.802482
-0.787329
-0.771712
-0.755641
-0.739114
-0.722119
-0.704637
-0.686648
-0.66814
-0.649119
-0.629616
-0.609685
-0.589404
-0.568863
-0.548147
-0.527318
-0.506399
-0.485363
-0.464126
-0.44256
-0.4205
-0.39778
-0.374254
-0.349832
-0.324506
-0.298365
-0.271603
-0.244511
-0.217459
-0.19087
-0.165183
-0.140823
-0.118164
-0.097505
-0.0790539
-0.0629218
-0.049111
-0.0375679
-0.028076
-0.020618
-0.0144497
-0.0100139
-0.00673014
-0.00436869
-0.00272248
-0.00161366
-0.000895477
-0.000451405
-0.000192322
-5.26543e-05
1.39222e-05
3.87084e-05
4.18053e-05
3.53518e-05
2.61083e-05
1.74079e-05
1.05514e-05
5.74638e-06
2.69898e-06
9.56394e-07
8.23818e-08
-2.70379e-07
-3.45837e-07
-2.978e-07
-2.1272e-07
-1.32303e-07
-7.17274e-08
-3.2461e-08
-1.02802e-08
3.19418e-10
4.10129e-09
4.45718e-09
3.47019e-09
2.23795e-09
1.22555e-09
5.49112e-10
1.66651e-10
-1.1735e-11
-7.0926e-11
-7.23539e-11
-5.31166e-11
-3.18666e-11
-1.57265e-11
-5.80936e-12
-7.9799e-13
1.12337e-12
1.44602e-12
1.13389e-12
6.97628e-13
3.46773e-13
1.27593e-13
1.72005e-14
-2.41585e-14
-3.02848e-14
-2.29769e-14
-1.35083e-14
-6.25196e-15
-1.96402e-15
2.56737e-17
6.50339e-16
6.40028e-16
4.30543e-16
2.25086e-16
8.73163e-17
1.56879e-17
-1.17405e-17
-1.63224e-17
-1.22756e-17
-6.90365e-18
-2.92486e-18
-7.17295e-19
1.9827e-19
4.06939e-19
3.29025e-19
1.91188e-19
8.31028e-20
2.16763e-20
-4.22537e-21
-1.03901e-20
-8.49983e-21
-4.8958e-21
-2.0759e-21
-5.01201e-22
1.39125e-22
2.73848e-22
2.12185e-22
1.16148e-22
4.55482e-23
8.40388e-24
-5.32464e-24
-7.22483e-24
-5.03799e-24
-2.51269e-24
-8.46637e-25
-5.61354e-26
1.86337e-25
1.82147e-25
1.10569e-25
4.78398e-26
1.18873e-26
-2.65404e-27
-5.60047e-27
-4.19893e-27
-2.15581e-27
-7.44571e-28
-6.54736e-29
1.44163e-28
1.4276e-28
8.48787e-29
3.50724e-29
7.55082e-30
-2.84763e-30
-4.44422e-30
-3.04556e-30
-1.42437e-30
-4.103e-31
2.5528e-32
1.28937e-31
1.02206e-31
5.25478e-32
1.76419e-32
1.1956e-33
-3.55076e-33
-3.26953e-33
-1.81007e-33
-6.66374e-34
-9.01591e-35
9.50392e-35
1.01224e-34
5.92024e-35
2.3032e-35
3.95399e-36
-2.55223e-36
-3.06969e-36
-1.85841e-36
-7.42984e-37
-1.39692e-37
7.12737e-38
9.19434e-38
5.63443e-38
2.25896e-38
4.26229e-39
-2.12154e-39
-2.73022e-39
-1.6543e-39
-6.49593e-40
-1.1363e-40
6.71442e-41
8.02937e-41
4.70079e-41
1.76393e-41
2.57071e-42
-2.19933e-42
-2.32664e-42
-1.28816e-42
-4.49152e-43
-4.3666e-44
7.20987e-44
6.58954e-44
3.38246e-44
1.05694e-44
2.07808e-46
-2.30265e-45
-1.80665e-45
-8.42996e-46
-2.23278e-46
2.50498e-47
7.03729e-47
4.74421e-47
1.96642e-47
3.95845e-48
-1.5111e-48
-2.03401e-48
-1.17913e-48
-4.19894e-49
-4.64738e-50
6.01261e-50
5.51033e-50
2.73355e-50
7.87327e-51
-2.98477e-52
-1.97601e-51
-1.38665e-51
-5.78912e-52
-1.16816e-52
4.25899e-53
5.68525e-53
3.20336e-53
1.07992e-53
8.14301e-55
-1.77237e-54
-1.45899e-54
-6.6671e-55
-1.63073e-55
2.73689e-56
5.49316e-56
3.34321e-56
1.20619e-56
1.41697e-57
-1.57946e-57
-1.42646e-57
-6.74766e-58
-1.73752e-58
2.07645e-59
5.15653e-59
3.19303e-59
1.15483e-59
1.36632e-60
-1.4757e-60
-1.31966e-60
-6.11879e-61
-1.5016e-61
2.33994e-62
4.75772e-62
2.81201e-62
9.58011e-63
7.89006e-64
-1.43835e-63
-1.15343e-63
-4.96399e-64
-1.03345e-64
3.11311e-65
4.24694e-65
2.26271e-65
6.7516e-66
-1.65679e-68
-1.38427e-66
-9.35299e-67
-3.52718e-67
-4.92536e-68
3.79534e-68
3.54846e-68
1.623e-68
3.77441e-69
-7.21246e-70
-1.23715e-69
-6.82458e-70
-2.087e-70
-3.27085e-72
3.92398e-71
2.66871e-71
9.92265e-72
1.29671e-72
-1.09827e-72
-9.79046e-73
-4.28623e-73
-9.17941e-74
3.35142e-74

