0
-3.34624e-40
2.0233e-39
2.09256e-39
-9.80194e-39
-6.58611e-39
3.5452e-38
1.67284e-38
-1.12768e-37
-3.76213e-38
3.33206e-37
7.78524e-38
-9.38423e-37
-1.53092e-37
2.55556e-36
3.01857e-37
-6.78896e-36
-6.56138e-37
1.76923e-35
1.72915e-36
-4.53898e-35
-5.48531e-36
1.14868e-34
1.90383e-35
-2.86988e-34
-6.67085e-35
7.07729e-34
2.27495e-34
-1.72076e-33
-7.46837e-34
4.11648e-33
2.35785e-33
-9.65869e-33
-7.17318e-33
2.21273e-32
2.10781e-32
-4.91703e-32
-5.99313e-32
1.04929e-31
1.65042e-31
-2.11505e-31
-4.40202e-31
3.90269e-31
1.13599e-30
-6.12021e-31
-2.82985e-30
6.13479e-31
6.77812e-30
6.69401e-31
-1.55109e-29
-6.66788e-30
3.35571e-29
2.71376e-29
-6.7379e-29
-8.73097e-29
1.20984e-28
2.46993e-28
-1.76553e-28
-6.35103e-28
1.32384e-28
1.49728e-27
3.64758e-28
-3.21568e-27
-2.31499e-27
6.13516e-27
8.17175e-27
-9.70258e-27
-2.31794e-26
9.70926e-27
5.67506e-26
8.82673e-27
-1.21148e-25
-8.69691e-26
2.18625e-25
3.18082e-25
-2.94938e-25
-8.75645e-25
1.15504e-25
1.98984e-24
9.9657e-25
-3.70787e-24
-4.57443e-24
5.0531e-24
1.33079e-23
-1.92e-24
-3.01058e-23
-1.68914e-23
5.29036e-23
7.43699e-23
-5.93666e-23
-2.03266e-22
-2.53005e-23
4.14813e-22
3.7308e-22
-5.91668e-22
-1.25936e-21
2.4712e-22
2.86442e-21
1.82599e-21
-4.52264e-21
-7.63939e-21
3.00605e-21
1.85971e-20
9.88547e-21
-3.01384e-20
-4.74194e-20
2.00366e-20
1.16693e-19
6.57889e-20
-1.80237e-19
-3.0518e-19
8.16592e-20
7.0606e-19
5.16802e-19
-9.40597e-19
-1.98735e-18
-6.57886e-20
3.98213e-18
4.19131e-18
-3.76849e-18
-1.24029e-17
-5.38832e-18
1.93171e-17
3.14852e-17
-4.86789e-18
-6.84346e-17
-6.53892e-17
6.42544e-17
2.02145e-16
1.00065e-16
-2.87516e-16
-5.28011e-16
-4.23131e-17
9.92442e-16
1.25073e-15
-4.66615e-16
-3.01046e-15
-2.71635e-15
2.57699e-15
8.44985e-15
5.4234e-15
-9.64505e-15
-2.25976e-14
-9.9292e-15
3.09159e-14
5.8776e-14
1.66615e-14
-9.08601e-14
-1.51084e-13
-2.64999e-14
2.52142e-13
3.88518e-13
4.73496e-14
-6.69736e-13
-1.00698e-12
-1.29711e-13
1.70958e-12
2.6347e-12
5.17898e-13
-4.17563e-12
-6.92496e-12
-2.20864e-12
9.6184e-12
1.80862e-11
8.80216e-12
-2.02379e-11
-4.61857e-11
-3.2032e-11
3.60442e-11
1.12824e-10
1.06439e-10
-4.10792e-11
-2.55504e-10
-3.22441e-10
-4.44046e-11
5.07906e-10
8.81749e-10
4.96191e-10
-7.73969e-10
-2.1242e-09
-2.06757e-09
3.81595e-10
4.25995e-09
6.34126e-09
3.04544e-09
-5.98958e-09
-1.5321e-08
-1.54e-08
4.2955e-10
2.72843e-08
4.59468e-08
3.22732e-08
-2.27127e-08
-9.44981e-08
-1.26616e-07
-6.24488e-08
1.03514e-07
2.89007e-07
3.42219e-07
1.30509e-07
-3.35495e-07
-8.25344e-07
-9.47912e-07
-3.7233e-07
8.76e-07
2.23201e-06
2.71645e-06
1.43512e-06
-1.72141e-06
-5.57371e-06
-7.78931e-06
-5.87204e-06
1.2502e-06
1.17915e-05
2.08042e-05
2.16944e-05
9.43336e-06
-1.56974e-05
-4.57467e-05
-6.5995e-05
-5.99196e-05
-1.7185e-05
5.82793e-05
0.000144078
0.000202404
0.000191427
8.26667e-05
-0.000121244
-0.000375671
-0.000596351
-0.000677807
-0.000525285
-9.23125e-05
0.000587461
0.00138559
0.0020893
0.00243861
0.00218439
0.00115498
-0.000682876
-0.00318546
-0.00602063
-0.0086979
-0.0106107
-0.0111342
-0.00964867
-0.00572375
0.00107681
0.0106582
0.0234671
0.0383149
0.0568774
0.0766293
0.0979778
0.120522
0.143909
0.167839
0.192078
0.216447
0.240819
0.265107
0.289254
0.313222
0.336987
0.360531
0.38384
0.406902
0.429703
0.452231
0.474473
0.496415
0.518044
0.539345
0.560306
0.580913
0.601154
0.621014
0.640482
0.659546
0.678193
0.696412
0.714191
0.731519
0.748385
0.764778
0.780688
0.796105
0.811019
0.825421
0.839301
0.852652
0.865463
0.877729
0.889439
0.900588
0.911169
0.921173
0.930596
0.939431
0.947673
0.955316
0.962356
0.968787
0.974607
0.979812
0.984397
0.988361
0.9917
0.994414
0.996499
0.997954
0.998779
0.998974
0.998537
0.99747
0.995773
0.993446
0.990493
0.986913
0.982711
0.977887
0.972446
0.966391
0.959725
0.952453
0.94458
0.93611
0.927049
0.917402
0.907175
0.896376
0.885011
0.873086
0.86061
0.847591
0.834036
0.819954
0.805355
0.790246
0.774639
0.758542
0.741967
0.724922
0.70742
0.689471
0.671086
0.652278
0.633057
0.613437
0.593429
0.573047
0.552302
0.531209
0.50978
0.488029
0.46597
0.443616
0.420983
0.398083
0.374932
0.351544
0.327934
0.304117
0.280108
0.255922
0.231575
0.207081
0.182456
0.157716
0.132877
0.107953
0.0829613
0.0579173
0.0328366
0.00773519
-0.0173711
-0.0424664
-0.0675349
-0.0925607
-0.117528
-0.142421
-0.167224
-0.191922
-0.216498
-0.240938
-0.265225
-0.289345
-0.313282
-0.337022
-0.360548
-0.383847
-0.406903
-0.429702
-0.45223
-0.474472
-0.496415
-0.518043
-0.539345
-0.560306
-0.580913
-0.601154
-0.621014
-0.640482
-0.659546
-0.678193
-0.696412
-0.714191
-0.731519
-0.748385
-0.764778
-0.780688
-0.796105
-0.811019
-0.825421
-0.839301
-0.852652
-0.865463
-0.877729
-0.889439
-0.900588
-0.911169
-0.921173
-0.930596
-0.939431
-0.947673
-0.955316
-0.962356
-0.968787
-0.974607
-0.979812
-0.984397
-0.988361
-0.9917
-0.994414
-0.996499
-0.997954
-0.998779
-0.998974
-0.998537
-0.99747
-0.995773
-0.993446
-0.990493
-0.986913
-0.98271
-0.977887
-0.972446
-0.966391
-0.959726
-0.952454
-0.94458
-0.936109
-0.927047
-0.917401
-0.907176
-0.896379
-0.885014
-0.873088
-0.860609
-0.847584
-0.834027
-0.819947
-0.805355
-0.790259
-0.774663
-0.758568
-0.741979
-0.724906
-0.707369
-0.689396
-0.671016
-0.652254
-0.633117
-0.613594
-0.593655
-0.573266
-0.552406
-0.53109
-0.50938
-0.487381
-0.465221
-0.44302
-0.420844
-0.398673
-0.376385
-0.353766
-0.330556
-0.306501
-0.281434
-0.255333
-0.228365
-0.20089
-0.17344
-0.146652
-0.1212
-0.0977088
-0.076683
-0.0584616
-0.0431875
-0.0308364
-0.0211674
-0.0140081
-0.00856143
-0.00503117
-0.00272696
-0.00131218
-0.000507242
-9.51942e-05
8.18399e-05
0.000131279
0.000120905
8.97187e-05
5.74456e-05
3.20464e-05
1.5098e-05
5.29734e-06
4.92474e-07
-1.31148e-06
-1.58481e-06
-1.24735e-06
-7.87238e-07
-4.10444e-07
-1.67046e-07
-3.78601e-08
1.57031e-08
2.83849e-08
2.38e-08
1.49566e-08
7.45022e-09
2.71418e-09
3.58935e-10
-4.88508e-10
-5.87694e-10
-4.21303e-10
-2.28229e-10
-9.19816e-11
-1.94288e-11
8.89905e-12
1.41045e-11
1.05954e-11
5.75738e-12
2.26594e-12
4.32382e-13
-2.50407e-13
-3.50193e-13
-2.46281e-13
-1.2362e-13
-4.21669e-14
-3.38596e-15
8.57589e-15
8.47479e-15
5.09784e-15
2.15792e-15
5.04783e-16
-1.39476e-16
-2.5341e-16
-1.79678e-16
-8.63277e-17
-2.62132e-17
2.95638e-19
6.99846e-18
5.75775e-18
2.99383e-18
1.01316e-18
7.81621e-20
-1.90064e-19
-1.74278e-19
-9.41293e-20
-3.29492e-20
-3.35722e-21
5.36519e-21
5.0889e-21
2.7372e-21
9.3604e-22
8.01801e-23
-1.60355e-22
-1.44003e-22
-7.39115e-23
-2.32926e-23
-6.44659e-25
4.92712e-24
3.91067e-24
1.83709e-24
4.93457e-25
-4.75963e-26
-1.47993e-25
-9.99531e-26
-4.11313e-26
-8.1025e-27
3.19852e-27
4.15858e-27
2.34315e-27
7.95753e-28
6.49754e-29
-1.26853e-28
-1.05834e-28
-4.87085e-29
-1.20956e-29
1.82649e-30
3.89065e-30
2.37135e-30
8.50403e-31
9.75667e-32
-1.10645e-31
-9.78652e-32
-4.50931e-32
-1.09512e-32
1.76871e-33
3.48141e-33
2.02916e-33
6.76631e-34
4.77326e-35
-1.05104e-34
-8.09323e-35
-3.3482e-35
-6.2805e-36
2.48962e-36
2.91871e-36
1.45136e-36
3.86577e-37
-3.02888e-38
-9.60003e-38
-5.7252e-38
-1.88239e-38
-1.17617e-39
2.8809e-39
2.09914e-39
8.05457e-40
1.17655e-40
-7.8146e-41
-7.25462e-41
-3.15836e-41
-6.42667e-42
1.86469e-42
2.38865e-42
1.16052e-42
2.85688e-43
-3.62499e-44
-7.56205e-44
-4.05226e-44
-1.13116e-44
4.10694e-46
2.32173e-45
1.35775e-45
4.13721e-46
8.04472e-48
-6.97182e-47
-4.39675e-47
-1.42417e-47
-7.80425e-49
2.06461e-48
1.38345e-48
4.66424e-49
3.5585e-50
-6.07534e-50
-4.24616e-50
-1.46282e-50
-1.27516e-51
1.7869e-51
1.27449e-51
4.40994e-52
3.92703e-53
-5.27018e-53
-3.74584e-53
-1.28016e-53
-1.0573e-54
1.5586e-54
1.07815e-54
3.57841e-55
2.42393e-56
-4.60773e-56
-3.03602e-56
-9.61588e-57
-4.1987e-58
1.35456e-57
8.34809e-58
2.47514e-58
2.09382e-60
-3.93481e-59
-2.23514e-59
-6.06519e-60
2.52917e-61
1.12222e-60
5.80591e-61
1.40043e-61
-1.60411e-62
-3.12353e-62
-1.45641e-62
-2.99235e-63
6.7984e-64
8.43798e-64
3.5075e-64
5.70789e-65
-2.42495e-65
-2.20104e-65
-8.04638e-66
-8.86792e-67
7.75759e-67
5.51559e-67
1.7384e-67
7.33611e-69
-2.28399e-68
-1.32032e-68
-3.4723e-69
1.86575e-70
6.26324e-70
2.99821e-70
6.19041e-71
-1.29875e-71
-1.60805e-71
-6.39654e-72
-9.03411e-73
4.89207e-73
3.86911e-73
1.26282e-73
7.42086e-75
-1.48856e-74
-8.70127e-75
-2.2444e-75
1.36273e-76
3.97993e-76
1.81643e-76
3.3764e-77
-9.39315e-78
-9.62436e-78
-3.47207e-78
-3.49656e-79
3.25321e-79
2.12496e-79
5.9122e-80
-1.02649e-81
-8.94298e-81
-4.27608e-81
-8.40187e-82
1.92009e-82
2.13073e-82
7.74001e-83
7.89981e-84
-7.00428e-84
-4.51861e-84
-1.21864e-84
3.84097e-86
1.88027e-85
8.55238e-86
1.52164e-86
-4.48697e-87
-4.25096e-87
-1.42043e-87
-9.63377e-89
1.48378e-88
8.3824e-89
1.96448e-89
-2.12249e-90
-3.54893e-90
-1.33007e-90
-1.48356e-91
1.0926e-91
7.12277e-92
1.87278e-92
-7.70467e-94
-2.85966e-93
-1.22956e-93
-1.91589e-94
7.41635e-95
5.97009e-95
1.78019e-95
3.45991e-97
-2.18132e-96
-1.0478e-96
-1.95006e-97
4.76165e-98
4.71777e-98
1.53201e-98
8.48816e-100
-1.59893e-99
-8.34728e-100
-1.71524e-100
2.99695e-101
3.55459e-101
1.21548e-101
9.12594e-103
-1.14251e-102
-6.27546e-103
-1.35062e-103
1.94e-104
2.5734e-104
8.98006e-105
7.36744e-106
-8.03976e-106
-4.47696e-106
-9.6656e-107
1.34523e-107
1.79756e-107
6.2077e-108
4.82757e-109
-5.59275e-109
-3.03737e-109
-6.31356e-110
1.00212e-110
1.21195e-110
4.01776e-111
2.51002e-112
-3.83329e-112
-1.95792e-112
-3.74733e-113
7.73218e-114
7.86335e-114
2.42678e-114
8.52609e-116
-2.56599e-115
-1.19467e-115
-1.9895e-116
5.9014e-117
4.88154e-117
1.35744e-117
-9.84341e-120
-1.65826e-118
-6.8551e-119
-9.09656e-120
4.3071e-120
2.87699e-120
6.93237e-121
-4.98113e-122
-1.02219e-121
-3.66269e-122
-3.22161e-123
2.94737e-123
1.59435e-123
3.14765e-124
-5.56452e-125
-5.94129e-125
-1.79542e-125
-4.92415e-127
1.87031e-126
8.21011e-127
1.19906e-127
-4.53887e-128
-3.21935e-128
-7.87944e-129
4.8117e-130
1.09253e-129
3.8666e-130
3.192e-131
-3.09671e-131
-1.60617e-131
-2.95025e-132
6.2826e-133
5.83379e-133
1.62482e-133
-6.09088e-136
-1.84303e-134
-7.25973e-135
-8.26074e-136
4.80961e-136
2.82148e-136
5.81072e-137
-8.33137e-138
-9.70677e-138
-2.8975e-138
-6.80112e-140
2.92082e-139
1.21795e-139
1.55785e-140
-7.2506e-141
-4.52694e-141
-9.70215e-142
1.16064e-142
1.50473e-142
4.5673e-143
1.35791e-144
-4.41528e-144
-1.84855e-144
-2.35567e-145
1.08386e-145
6.68958e-146
1.40067e-146
-1.80386e-147
-2.18625e-147
-6.41393e-148
-1.13627e-149
6.38977e-149
2.54699e-149
2.88334e-150
-1.60402e-150
-9.11046e-151
-1.74694e-151
3.01032e-152
2.96985e-152
8.00122e-153
-1.09946e-154
-8.78416e-154
-3.17198e-154
-2.68984e-155
2.29945e-155
1.13631e-155
1.84047e-156
-4.9388e-157
-3.73626e-157
-8.73766e-158
6.21583e-159
1.12932e-158
3.52614e-159
1.39445e-160
-3.10093e-160
-1.2815e-160
-1.53165e-161
7.46263e-162
4.28892e-162
8.07395e-163
-1.41005e-163
-1.33191e-163
-3.4163e-164
1.05353e-165
3.82897e-165
1.28043e-165
7.78918e-167
-1.00466e-166
-4.40405e-167
-5.80105e-168
2.3165e-168
1.41096e-168
2.75149e-169
-4.18657e-170
-4.23125e-170
-1.0959e-170
2.8267e-172
1.18465e-171
3.93473e-172
2.29494e-173
-3.06021e-173
-1.30976e-173
-1.62955e-174
7.08132e-175
4.09351e-175
7.50335e-176
-1.35434e-176
-1.20708e-176
-2.91855e-177
1.49813e-178
3.35567e-178
1.02787e-178
3.42456e-180
-8.7336e-180
-3.37106e-180
-3.3111e-181
2.09181e-181
1.04337e-181
1.60804e-182
-4.42726e-183
-3.06669e-183
-6.35337e-184
7.34347e-185
8.57456e-185
2.24864e-185
-4.2112e-187
-2.27559e-186
-7.39124e-187
-3.76302e-188
5.69053e-188
2.29511e-188
2.46133e-189
-1.31958e-189
-6.79227e-190
-1.06786e-190
2.73748e-191
1.92421e-191
3.94902e-192
-4.59972e-193
-5.22519e-193
-1.33192e-193
3.69469e-195
1.35823e-194
4.21408e-195
1.56745e-196
-3.36401e-196
-1.26861e-196
-1.13864e-197
7.86176e-198
3.66231e-198
4.97361e-199
-1.69968e-199
-1.01831e-199
-1.82242e-200
3.25042e-201
2.73282e-201
6.06607e-202
-4.80643e-203
-7.08099e-203
-1.89362e-203
1.81053e-205
1.76885e-204
5.63275e-205
2.50923e-206
-4.2442e-206
-1.61096e-206
-1.4474e-207
9.71184e-208
4.4537e-208
5.79788e-209
-2.09436e-209
-1.19559e-209

