0
2.97509e-109
2.91724e-40
1.44478e-39
-2.19959e-39
-6.3844e-39
9.6218e-39
2.10056e-38
-3.44525e-38
-6.12861e-38
1.10526e-37
1.67983e-37
-3.30256e-37
-4.44884e-37
9.38254e-37
1.15765e-36
-2.56541e-36
-2.99233e-36
6.80204e-36
7.73812e-36
-1.75711e-35
-2.01005e-35
4.43386e-35
5.25225e-35
-1.09402e-34
-1.3796e-34
2.63822e-34
3.63473e-34
-6.205e-34
-9.57508e-34
1.41759e-33
2.51312e-33
-3.12396e-33
-6.54764e-33
6.56173e-33
1.68717e-32
-1.28505e-32
-4.28386e-32
2.23784e-32
1.06771e-31
-3.01531e-32
-2.60123e-31
9.66411e-33
6.16328e-31
1.36321e-31
-1.41093e-30
-7.13099e-31
3.09178e-30
2.59042e-30
-6.39063e-30
-8.06449e-30
1.21345e-29
2.27882e-29
-1.99707e-29
-5.96942e-29
2.36231e-29
1.45895e-28
3.36832e-30
-3.31731e-28
-1.45086e-28
6.92754e-28
6.30558e-28
-1.28838e-27
-2.01241e-27
1.96941e-27
5.46964e-27
-1.76564e-27
-1.31476e-26
-2.71323e-27
2.798e-26
2.08154e-26
-5.11028e-26
-7.42726e-26
7.18868e-26
2.05332e-25
-4.00123e-26
-4.76545e-25
-1.97513e-25
9.27031e-25
1.0079e-24
-1.39517e-24
-3.0964e-24
1.03035e-24
7.42458e-24
2.74011e-24
-1.42462e-23
-1.57812e-23
1.97366e-23
4.81016e-23
-7.81141e-24
-1.09157e-22
-6.42108e-23
1.85602e-22
2.78781e-22
-1.80956e-22
-7.3565e-22
-1.98046e-22
1.40302e-21
1.55987e-21
-1.68473e-21
-4.69685e-21
-4.07884e-22
9.5336e-21
9.08399e-21
-1.20527e-20
-2.96495e-20
-1.31067e-21
6.06203e-20
5.80853e-20
-7.22666e-20
-1.87844e-19
-2.76651e-20
3.61541e-19
4.05273e-19
-3.49373e-19
-1.1757e-18
-4.51645e-19
1.95193e-18
2.89965e-18
-1.01103e-18
-6.94189e-18
-5.18786e-18
8.60195e-18
1.96326e-17
3.70128e-18
-3.55363e-17
-4.62669e-17
2.02864e-17
1.15206e-16
8.87545e-17
-1.29275e-16
-3.24289e-16
-1.16766e-16
5.07194e-16
8.25244e-16
-2.63436e-17
-1.65733e-15
-1.93892e-15
9.03956e-16
4.90018e-15
4.26394e-15
-4.266e-15
-1.36306e-14
-8.89145e-15
1.51207e-14
3.65404e-14
1.79408e-14
-4.70414e-14
-9.6039e-14
-3.64689e-14
1.35251e-13
2.5059e-13
8.02031e-14
-3.67264e-13
-6.54228e-13
-2.06175e-13
9.48859e-13
1.71328e-12
6.26399e-13
-2.3247e-12
-4.48536e-12
-2.09973e-12
5.31579e-12
1.16313e-11
7.18103e-12
-1.09158e-11
-2.94345e-11
-2.38672e-11
1.81508e-11
7.11418e-11
7.51244e-11
-1.45444e-11
-1.58928e-10
-2.20084e-10
-5.60321e-11
3.08968e-10
5.88786e-10
3.81166e-10
-4.44463e-10
-1.39514e-09
-1.46547e-09
9.28942e-11
2.74746e-09
4.35878e-09
2.377e-09
-3.6994e-09
-1.03601e-08
-1.0985e-08
-5.53911e-10
1.81438e-08
3.20346e-08
2.38197e-08
-1.39453e-08
-6.52017e-08
-9.02518e-08
-4.74797e-08
6.96866e-08
2.04589e-07
2.47909e-07
1.00378e-07
-2.35767e-07
-5.96725e-07
-6.95394e-07
-2.8151e-07
6.36474e-07
1.6468e-06
2.01824e-06
1.06949e-06
-1.29873e-06
-4.20722e-06
-5.88338e-06
-4.40644e-06
1.06744e-06
9.17512e-06
1.60793e-05
1.66264e-05
6.86467e-06
-1.29754e-05
-3.65627e-05
-5.2137e-05
-4.64686e-05
-1.13197e-05
4.99481e-05
0.000118871
0.000164331
0.000151931
5.847e-05
-0.000113126
-0.000324527
-0.000503893
-0.00056149
-0.000417081
-3.24434e-05
0.000560725
0.00124765
0.00183931
0.00210498
0.0018238
0.000844993
-0.000856812
-0.00314429
-0.00570744
-0.00808442
-0.00970955
-0.00997964
-0.00832612
-0.00428019
0.00247919
0.0121007
0.0245605
0.0396836
0.0571793
0.0766849
0.0978079
0.120163
0.143401
0.167221
0.191384
0.215705
0.24005
0.264325
0.288469
0.31244
0.33621
0.359762
0.38308
0.40615
0.428961
0.451498
0.47375
0.495701
0.51734
0.538652
0.559624
0.580242
0.600494
0.620367
0.639848
0.658925
0.677586
0.695818
0.713612
0.730954
0.747835
0.764243
0.780169
0.795602
0.810532
0.824951
0.838848
0.852215
0.865045
0.877328
0.889056
0.900224
0.910822
0.920846
0.930287
0.939141
0.947402
0.955065
0.962124
0.968576
0.974415
0.97964
0.984245
0.988229
0.991589
0.994322
0.996428
0.997904
0.998749
0.998964
0.998548
0.997502
0.995825
0.993519
0.990586
0.987027
0.982844
0.978041
0.97262
0.966585
0.959939
0.952687
0.944833
0.936382
0.92734
0.917712
0.907505
0.896724
0.885377
0.873471
0.861013
0.848011
0.834473
0.820409
0.805826
0.790735
0.775143
0.759063
0.742503
0.725473
0.707986
0.690052
0.671681
0.652886
0.633679
0.614072
0.594077
0.573707
0.552974
0.531892
0.510474
0.488734
0.466685
0.444341
0.421716
0.398825
0.375683
0.352303
0.3287
0.30489
0.280887
0.256707
0.232365
0.207876
0.183255
0.158519
0.133683
0.108762
0.0837727
0.0587304
0.033651
0.00855032
-0.0165557
-0.0416513
-0.0667206
-0.0917478
-0.116717
-0.141612
-0.166418
-0.191119
-0.2157
-0.240144
-0.264436
-0.288561
-0.312504
-0.33625
-0.359783
-0.383089
-0.406153
-0.42896
-0.451497
-0.473748
-0.4957
-0.517339
-0.538652
-0.559624
-0.580242
-0.600494
-0.620367
-0.639848
-0.658925
-0.677586
-0.695818
-0.713612
-0.730954
-0.747835
-0.764243
-0.780169
-0.795602
-0.810532
-0.824951
-0.838848
-0.852215
-0.865045
-0.877328
-0.889056
-0.900224
-0.910822
-0.920846
-0.930287
-0.939141
-0.947402
-0.955065
-0.962124
-0.968576
-0.974415
-0.97964
-0.984245
-0.988229
-0.991589
-0.994322
-0.996428
-0.997904
-0.998749
-0.998964
-0.998548
-0.997502
-0.995825
-0.993519
-0.990586
-0.987026
-0.982844
-0.978041
-0.97262
-0.966585
-0.959939
-0.952687
-0.944832
-0.936381
-0.927339
-0.917712
-0.907506
-0.896727
-0.88538
-0.873473
-0.861011
-0.848005
-0.834464
-0.820402
-0.805827
-0.790747
-0.775167
-0.759088
-0.742515
-0.725458
-0.707937
-0.689978
-0.671611
-0.652861
-0.633737
-0.614226
-0.5943
-0.573925
-0.55308
-0.53178
-0.510084
-0.488096
-0.465943
-0.443744
-0.421566
-0.399393
-0.377105
-0.354494
-0.3313
-0.307271
-0.282237
-0.256173
-0.229237
-0.201786
-0.174342
-0.14754
-0.122051
-0.0985004
-0.0773974
-0.0590848
-0.0437161
-0.0312593
-0.0215242
-0.0142033
-0.00892041
-0.0052762
-0.00288668
-0.00141021
-0.00056295
-0.000123612
6.97439e-05
0.000128027
0.000121775
9.19949e-05
5.97596e-05
3.3852e-05
1.62947e-05
5.98396e-06
8.25043e-07
-1.19e-06
-1.56982e-06
-1.27389e-06
-8.21176e-07
-4.37659e-07
-1.84369e-07
-4.69053e-08
1.20561e-08
2.76093e-08
2.42049e-08
1.56253e-08
7.99881e-09
3.05276e-09
5.23231e-10
-4.32155e-10
-5.83584e-10
-4.34835e-10
-2.42709e-10
-1.01869e-10
-2.45447e-11
6.99087e-12
1.38246e-11
1.08993e-11
6.12596e-12
2.521e-12
5.61735e-13
-2.04877e-13
-3.45626e-13
-2.5513e-13
-1.32949e-13
-4.80901e-14
-6.08734e-15
7.81432e-15
8.54636e-15
5.37053e-15
2.3779e-15
6.22913e-16
-9.61951e-17
-2.47692e-16
-1.86309e-16
-9.35208e-17
-3.05914e-17
-1.52879e-18
6.60134e-18
5.8975e-18
3.21294e-18
1.15948e-18
1.43335e-19
-1.73508e-19
-1.77149e-19
-1.00626e-19
-3.75083e-20
-5.42978e-21
4.82337e-21
5.1641e-21
2.92964e-21
1.07056e-21
1.39958e-22
-1.4569e-22
-1.46833e-22
-7.96162e-23
-2.70545e-23
-2.20874e-24
4.60583e-24
4.02991e-24
2.003e-24
5.92108e-25
-1.1076e-26
-1.43065e-25
-1.04592e-25
-4.57261e-26
-1.04798e-26
2.46779e-27
4.15118e-27
2.50092e-27
9.1327e-28
1.16011e-28
-1.15567e-28
-1.08844e-28
-5.3352e-29
-1.47867e-29
9.00933e-31
3.8094e-30
2.51236e-30
9.67911e-31
1.50643e-31
-9.81743e-32
-1.00326e-31
-4.94409e-32
-1.34671e-32
9.28385e-34
3.42286e-33
2.16287e-33
7.80655e-34
9.15327e-35
-9.64925e-35
-8.40056e-35
-3.73161e-35
-8.25028e-36
1.93569e-36
2.94245e-36
1.5781e-36
4.66379e-37
-2.40955e-39
-9.33186e-38
-6.09776e-38
-2.18033e-38
-2.40208e-39
2.66006e-39
2.19336e-39
9.09445e-40
1.6685e-40
-6.63643e-41
-7.43845e-41
-3.50123e-41
-8.27066e-42
1.33844e-42
2.40234e-42
1.26826e-42
3.51207e-43
-1.511e-44
-7.45483e-44
-4.37764e-44
-1.35416e-44
-3.77476e-46
2.24245e-45
1.45308e-45
4.87022e-46
3.57906e-47
-6.59951e-47
-4.6707e-47
-1.65835e-47
-1.71239e-48
1.91881e-48
1.46163e-48
5.39503e-49
6.56569e-50
-5.56441e-50
-4.47066e-50
-1.68643e-50
-2.21136e-51
1.62224e-51
1.34008e-51
5.08237e-52
6.74631e-53
-4.77657e-53
-3.94187e-53
-1.47909e-53
-1.8794e-54
1.42064e-54
1.13797e-54
4.15722e-55
4.74464e-56
-4.25019e-56
-3.22089e-56
-1.12697e-56
-1.05311e-57
1.27007e-57
8.92003e-58
2.93804e-58
1.87473e-59
-3.76003e-59
-2.41026e-59
-7.33032e-60
-1.67254e-61
1.09415e-60
6.33139e-61
1.73673e-61
-5.94192e-63
-3.10795e-62
-1.60978e-62
-3.85794e-63
4.51119e-64
8.56692e-64
3.94037e-64
7.8535e-65
-1.94595e-65
-2.27982e-65
-9.22226e-66
-1.39563e-66
6.86371e-67
5.82922e-67
2.04451e-67
1.87798e-68
-2.14873e-68
-1.42484e-68
-4.23262e-69
-5.43403e-71
6.1571e-70
3.30958e-70
7.98257e-71
-8.34273e-72
-1.63687e-71
-7.24694e-72
-1.30137e-72
4.10752e-73
4.05942e-73
1.47803e-73
1.56543e-74
-1.38576e-74
-9.39491e-75
-2.75063e-75
-1.94736e-77
3.93239e-76
2.02078e-76
4.48056e-77
-6.79848e-78
-9.92437e-78
-3.99987e-78
-5.71056e-79
2.90753e-79
2.27151e-79
7.14018e-80
2.97962e-81
-8.71233e-81
-4.734e-81
-1.09941e-81
1.29237e-82
2.18939e-82
8.9162e-83
1.28368e-83
-6.24589e-84
-4.84204e-84
-1.48246e-84
-4.45901e-86
1.84577e-85
9.54063e-86
2.04689e-86
-3.3244e-87
-4.4178e-87
-1.66085e-87
-1.88556e-88
1.37299e-88
9.11716e-89
2.46464e-89
-6.98749e-91
-3.67421e-90
-1.64208e-90
-2.78405e-91
9.02019e-92
7.9812e-92
2.53233e-92
1.16709e-93
-2.83725e-93
-1.47809e-93
-3.10323e-94
5.20505e-95
6.52098e-95
2.32825e-95
2.15013e-96
-2.07235e-96
-1.23516e-96
-2.95392e-97
2.61467e-98
5.04832e-98
1.96322e-98
2.38415e-99
-1.46078e-99
-9.71118e-100
-2.51228e-100
1.15236e-101
3.74884e-101
1.54027e-101
2.12449e-102
-1.0143e-102
-7.24977e-103
-1.95003e-103
5.03553e-105
2.69454e-104
1.13398e-104
1.63141e-105
-7.05316e-106
-5.16761e-106
-1.39562e-106
3.20433e-108
1.88389e-107
7.86758e-108
1.10282e-108
-4.94513e-109
-3.52469e-109
-9.24145e-110
3.30595e-111
1.2817e-110
5.14783e-111
6.54483e-112
-3.47662e-112
-2.29833e-112
-5.64942e-113
3.70899e-114
8.45333e-114
3.16854e-114
3.30895e-115
-2.41551e-115
-1.42738e-115
-3.16096e-116
3.72785e-117
5.36757e-117
1.82378e-117
1.29002e-118
-1.62977e-118
-8.39063e-119
-1.58897e-119
3.28067e-120
3.25242e-120
9.7169e-121
2.20897e-122
-1.05081e-121
-4.6278e-122
-6.89416e-123
2.55593e-123
1.86205e-123
4.71115e-124
-2.23459e-125
-6.38906e-125
-2.36633e-125
-2.31705e-126
1.78316e-126
9.96119e-127
2.01488e-127
-3.227e-128
-3.62244e-128
-1.10224e-128
-3.32987e-130
1.12176e-129
4.91347e-130
7.08717e-131
-2.71583e-131
-1.89472e-131
-4.54133e-132
3.15972e-133
6.378e-133
2.19427e-133
1.60132e-134
-1.81941e-134
-9.02811e-135
-1.55536e-135
3.88994e-136
3.26993e-136
8.60796e-137
-2.26397e-138
-1.04155e-137
-3.8481e-138
-3.63402e-139
2.8099e-139
1.49973e-139
2.78236e-140
-5.55865e-141
-5.20831e-141
-1.42062e-141
1.52926e-143
1.60432e-142
6.04977e-143
6.01492e-144
-4.22274e-144
-2.27835e-144
-4.21994e-145
8.30255e-146
7.72318e-146
2.06984e-146
-3.50347e-148
-2.34746e-147
-8.5846e-148
-7.69113e-149
6.20874e-149
3.17597e-149
5.46331e-150
-1.29349e-150
-1.06681e-150
-2.66401e-151
1.1943e-152
3.25226e-152
1.09749e-152
7.10555e-154
-8.82539e-154
-4.04671e-154
-5.91871e-155
2.00655e-155
1.36358e-155
2.99166e-156
-3.01861e-157
-4.2172e-157
-1.25095e-157
-2.77859e-159
1.18609e-158
4.66272e-159
5.00089e-160
-2.94077e-160
-1.59254e-160
-2.83757e-161
5.85526e-162
5.03366e-162
1.24349e-162
-5.75949e-164
-1.47096e-163
-4.76868e-164
-2.4543e-165
3.92331e-165
1.66885e-165
2.0899e-166
-9.21742e-167
-5.42243e-167
-1.03044e-167
1.71571e-168
1.64554e-168
4.19382e-169
-1.35527e-170
-4.65404e-170
-1.52861e-170
-8.42535e-172
1.21243e-171
5.14749e-172
6.33287e-173
-2.82319e-173
-1.62362e-173
-2.9743e-174
5.40887e-175
4.82201e-175
1.17112e-175
-5.84662e-177
-1.34728e-176
-4.16164e-177
-1.49803e-178
3.51455e-178
1.37435e-178
1.39918e-179
-8.39971e-180
-4.2761e-180
-6.78346e-181
1.75705e-181
1.26132e-181
2.68534e-182
-2.78857e-183
-3.53226e-183
-9.52897e-184
8.39282e-186
9.36378e-185
3.13972e-185
1.88938e-186
-2.32927e-186
-9.76674e-187
-1.13838e-187
5.33269e-188
2.89271e-188
4.836e-189
-1.07389e-189
-8.19006e-190
-1.77326e-190
1.65582e-191
2.21838e-191
5.95568e-192
-5.66756e-194
-5.73546e-193
-1.87943e-193
-9.9894e-195
1.40661e-194
5.64542e-195
5.91913e-196
-3.23014e-196
-1.62567e-196
-2.45493e-197
6.75785e-198
4.50488e-198
8.79166e-199
-1.20315e-199
-1.20311e-199
-2.88931e-200
1.40474e-201
3.09533e-201
8.94474e-202
1.39522e-203
-7.65182e-203
-2.64405e-203
-1.76903e-204
1.80736e-204
7.52072e-205
8.34623e-206
-4.03546e-206
-2.06792e-206
-3.12642e-207
8.33888e-208
5.51125e-208
1.04825e-208
-1.71066e-209
0

