0
-3.34624e-40
2.0233e-39
2.09256e-39
-9.80194e-39
-6.58611e-39
3.5452e-38
1.67284e-38
-1.12768e-37
-3.76213e-38
3.33206e-37
7.78524e-38
-9.38423e-37
-1.53092e-37
2.55556e-36
3.01857e-37
-6.78896e-36
-6.56138e-37
1.76923e-35
1.72915e-36
-4.53898e-35
-5.48531e-36
1.14868e-34
1.90383e-35
-2.86988e-34
-6.67085e-35
7.07729e-34
2.27495e-34
-1.72076e-33
-7.46837e-34
4.11648e-33
2.35785e-33
-9.65869e-33
-7.17318e-33
2.21273e-32
2.10781e-32
-4.91703e-32
-5.99313e-32
1.04929e-31
1.65042e-31
-2.11505e-31
-4.40202e-31
3.90269e-31
1.13599e-30
-6.12021e-31
-2.82985e-30
6.13479e-31
6.77812e-30
6.69401e-31
-1.55109e-29
-6.66788e-30
3.35571e-29
2.71376e-29
-6.7379e-29
-8.73097e-29
1.20984e-28
2.46993e-28
-1.76553e-28
-6.35103e-28
1.32384e-28
1.49728e-27
3.64758e-28
-3.21568e-27
-2.31499e-27
6.13516e-27
8.17175e-27
-9.70258e-27
-2.31794e-26
9.70926e-27
5.67506e-26
8.82673e-27
-1.21148e-25
-8.69691e-26
2.18625e-25
3.18082e-25
-2.94938e-25
-8.75645e-25
1.15504e-25
1.98984e-24
9.9657e-25
-3.70787e-24
-4.57443e-24
5.0531e-24
1.33079e-23
-1.92e-24
-3.01058e-23
-1.68914e-23
5.29036e-23
7.43699e-23
-5.93666e-23
-2.03266e-22
-2.53005e-23
4.14813e-22
3.7308e-22
-5.91668e-22
-1.25936e-21
2.4712e-22
2.86442e-21
1.82599e-21
-4.52264e-21
-7.63939e-21
3.00605e-21
1.85971e-20
9.88547e-21
-3.01384e-20
-4.74194e-20
2.00366e-20
1.16693e-19
6.57889e-20
-1.80237e-19
-3.0518e-19
8.16592e-20
7.0606e-19
5.16802e-19
-9.40597e-19
-1.98735e-18
-6.57886e-20
3.98213e-18
4.19131e-18
-3.76849e-18
-1.24029e-17
-5.38832e-18
1.93171e-17
3.14852e-17
-4.86789e-18
-6.84346e-17
-6.53892e-17
6.42544e-17
2.02145e-16
1.00065e-16
-2.87516e-16
-5.28011e-16
-4.23131e-17
9.92442e-16
1.25073e-15
-4.66615e-16
-3.01046e-15
-2.71635e-15
2.57699e-15
8.44985e-15
5.4234e-15
-9.64505e-15
-2.25976e-14
-9.9292e-15
3.09159e-14
5.8776e-14
1.66615e-14
-9.08601e-14
-1.51084e-13
-2.64999e-14
2.52142e-13
3.88518e-13
4.73496e-14
-6.69736e-13
-1.00698e-12
-1.29711e-13
1.70958e-12
2.6347e-12
5.17898e-13
-4.17563e-12
-6.92496e-12
-2.20864e-12
9.6184e-12
1.80862e-11
8.80216e-12
-2.02379e-11
-4.61857e-11
-3.2032e-11
3.60442e-11
1.12824e-10
1.06439e-10
-4.10792e-11
-2.55504e-10
-3.22441e-10
-4.44046e-11
5.07906e-10
8.81749e-10
4.96191e-10
-7.73969e-10
-2.1242e-09
-2.06757e-09
3.81595e-10
4.25995e-09
6.34126e-09
3.04544e-09
-5.98958e-09
-1.5321e-08
-1.54e-08
4.2955e-10
2.72843e-08
4.59468e-08
3.22732e-08
-2.27127e-08
-9.44981e-08
-1.26616e-07
-6.24488e-08
1.03514e-07
2.89007e-07
3.42219e-07
1.30509e-07
-3.35495e-07
-8.25344e-07
-9.47912e-07
-3.7233e-07
8.76e-07
2.23201e-06
2.71645e-06
1.43512e-06
-1.72141e-06
-5.57371e-06
-7.78931e-06
-5.87204e-06
1.2502e-06
1.17915e-05
2.08042e-05
2.16944e-05
9.43336e-06
-1.56974e-05
-4.57467e-05
-6.5995e-05
-5.99196e-05
-1.7185e-05
5.82793e-05
0.000144078
0.000202404
0.000191427
8.26667e-05
-0.000121244
-0.000375671
-0.000596351
-0.000677807
-0.000525286
-9.23121e-05
0.00058746
0.00138559
0.0020893
0.00243862
0.00218437
0.00115501
-0.000682956
-0.00318528
-0.006021
-0.0086971
-0.0106125
-0.0111305
-0.00965656
-0.00570706
0.00104185
0.0107306
0.0233192
0.0386115
0.0562956
0.0759895
0.097286
0.119791
0.143149
0.167061
0.19129
0.215654
0.240026
0.264317
0.288469
0.312443
0.336214
0.359765
0.383082
0.406151
0.428961
0.451498
0.47375
0.495701
0.51734
0.538652
0.559624
0.580242
0.600494
0.620367
0.639848
0.658925
0.677586
0.695818
0.713612
0.730954
0.747835
0.764243
0.780169
0.795602
0.810532
0.824951
0.838848
0.852215
0.865045
0.877328
0.889056
0.900224
0.910822
0.920846
0.930287
0.939141
0.947402
0.955065
0.962124
0.968576
0.974415
0.97964
0.984245
0.988229
0.991589
0.994322
0.996428
0.997904
0.998749
0.998964
0.998548
0.997502
0.995825
0.993519
0.990586
0.987027
0.982844
0.978041
0.97262
0.966585
0.959939
0.952687
0.944833
0.936382
0.92734
0.917712
0.907505
0.896724
0.885377
0.873471
0.861013
0.848011
0.834473
0.820409
0.805826
0.790735
0.775143
0.759063
0.742503
0.725473
0.707986
0.690052
0.671681
0.652886
0.633679
0.614072
0.594077
0.573707
0.552974
0.531892
0.510474
0.488734
0.466685
0.444341
0.421716
0.398825
0.375683
0.352303
0.3287
0.30489
0.280887
0.256707
0.232365
0.207876
0.183255
0.158519
0.133683
0.108762
0.0837727
0.0587304
0.033651
0.00855032
-0.0165557
-0.0416513
-0.0667206
-0.0917478
-0.116717
-0.141612
-0.166418
-0.191119
-0.2157
-0.240144
-0.264436
-0.288561
-0.312504
-0.33625
-0.359783
-0.383089
-0.406153
-0.42896
-0.451497
-0.473748
-0.4957
-0.517339
-0.538652
-0.559624
-0.580242
-0.600494
-0.620367
-0.639848
-0.658925
-0.677586
-0.695818
-0.713612
-0.730954
-0.747835
-0.764243
-0.780169
-0.795602
-0.810532
-0.824951
-0.838848
-0.852215
-0.865045
-0.877328
-0.889056
-0.900224
-0.910822
-0.920846
-0.930287
-0.939141
-0.947402
-0.955065
-0.962124
-0.968576
-0.974415
-0.97964
-0.984245
-0.988229
-0.991589
-0.994322
-0.996428
-0.997904
-0.998749
-0.998964
-0.998548
-0.997502
-0.995825
-0.993519
-0.990586
-0.987026
-0.982844
-0.978041
-0.97262
-0.966585
-0.959939
-0.952687
-0.944832
-0.936381
-0.927339
-0.917712
-0.907506
-0.896727
-0.88538
-0.873473
-0.861011
-0.848005
-0.834464
-0.820402
-0.805827
-0.790747
-0.775167
-0.759088
-0.742515
-0.725458
-0.707937
-0.689978
-0.671611
-0.652861
-0.633737
-0.614226
-0.5943
-0.573925
-0.55308
-0.53178
-0.510084
-0.488096
-0.465943
-0.443744
-0.421566
-0.399393
-0.377105
-0.354494
-0.3313
-0.307271
-0.282237
-0.256173
-0.229237
-0.201786
-0.174342
-0.14754
-0.122051
-0.0985001
-0.0773984
-0.0590816
-0.0437262
-0.0312293
-0.0216115
-0.0139572
-0.00874658
-0.00515759
-0.00280971
-0.00136329
-0.000536548
-0.000110351
7.52146e-05
0.000129331
0.000121183
9.07956e-05
5.85922e-05
3.29608e-05
1.5714e-05
5.65663e-06
6.70441e-07
-1.24343e-06
-1.5734e-06
-1.25891e-06
-8.03734e-07
-4.24141e-07
-1.75971e-07
-4.26352e-08
1.37013e-08
2.78947e-08
2.39552e-08
1.52762e-08
7.72487e-09
2.88872e-09
4.46311e-10
-4.56743e-10
-5.83712e-10
-4.2729e-10
-2.35305e-10
-9.70079e-11
-2.21182e-11
7.84272e-12
1.39062e-11
1.07224e-11
5.9355e-12
2.39508e-12
5.00407e-13
-2.24987e-13
-3.46422e-13
-2.50102e-13
-1.2816e-13
-4.51874e-14
-4.82557e-15
8.13148e-15
8.47843e-15
5.22324e-15
2.2671e-15
5.66149e-16
-1.15592e-16
-2.49218e-16
-1.82441e-16
-8.98047e-17
-2.84471e-17
-6.867e-19
6.75202e-18
5.80546e-18
3.09719e-18
1.08688e-18
1.1281e-19
-1.80215e-19
-1.7494e-19
-9.71396e-20
-3.52291e-20
-4.45348e-21
5.04568e-21
5.10213e-21
2.82582e-21
1.00321e-21
1.11854e-22
-1.51584e-22
-1.44713e-22
-7.65556e-23
-2.51795e-23
-1.48097e-24
4.72572e-24
3.95159e-24
1.91522e-24
5.43455e-25
-2.76985e-26
-1.44439e-25
-1.01825e-25
-4.33409e-26
-9.32749e-27
2.78597e-27
4.12793e-27
2.41266e-27
8.53622e-28
9.1933e-29
-1.19955e-28
-1.06741e-28
-5.08709e-29
-1.34569e-29
1.31749e-30
3.82017e-30
2.43045e-30
9.07448e-31
1.25338e-31
-1.03169e-31
-9.84811e-32
-4.70975e-32
-1.222e-32
1.30526e-33
3.42424e-33
2.08569e-33
7.27295e-34
7.08428e-35
-9.96882e-35
-8.19576e-35
-3.52773e-35
-7.28684e-36
2.17338e-36
2.90839e-36
1.5077e-36
4.26221e-37
-1.51156e-38
-9.37859e-38
-5.87794e-38
-2.02643e-38
-1.8227e-39
2.73871e-39
2.13199e-39
8.54321e-40
1.42983e-40
-7.11745e-41
-7.29067e-41
-3.3145e-41
-7.35727e-42
1.56687e-42
2.37495e-42
1.20787e-42
3.18182e-43
-2.46206e-44
-7.43656e-44
-4.18949e-44
-1.24006e-44
-1.43998e-47
2.25794e-45
1.3961e-45
4.49036e-46
2.27961e-47
-6.70711e-47
-4.50141e-47
-1.5357e-47
-1.27079e-48
1.96682e-48
1.41179e-48
5.00906e-49
5.12949e-50
-5.74267e-50
-4.32397e-50
-1.56763e-50
-1.76216e-51
1.68103e-51
1.29661e-51
4.72398e-52
5.39136e-53
-4.9527e-53
-3.81178e-53
-1.37301e-53
-1.48482e-54
1.46869e-54
1.09871e-54
3.84924e-55
3.63567e-56
-4.36789e-56
-3.102e-56
-1.03938e-56
-7.52868e-58
1.29478e-57
8.56162e-58
2.69463e-58
1.09445e-59
-3.79806e-59
-2.30354e-59
-6.67126e-60
2.62691e-62
1.0946e-60
6.0199e-61
1.56355e-61
-1.04802e-62
-3.07933e-62
-1.52124e-62
-3.41841e-63
5.50184e-64
8.40789e-64
3.69665e-64
6.78223e-65
-2.14136e-65
-2.21676e-65
-8.57573e-66
-1.1468e-66
7.18868e-67
5.61563e-67
1.88005e-67
1.33312e-68
-2.18409e-68
-1.35964e-68
-3.83355e-69
5.62144e-71
6.12883e-70
3.12618e-70
7.06496e-71
-1.0356e-71
-1.60301e-71
-6.767e-72
-1.10326e-72
4.41276e-73
3.92044e-73
1.3608e-73
1.16962e-74
-1.41463e-74
-8.9559e-75
-2.48369e-75
5.18209e-77
3.90215e-76
1.90079e-76
3.91733e-77
-7.8912e-78
-9.65453e-78
-3.70532e-78
-4.6236e-79
3.02581e-79
2.17377e-79
6.4826e-80
1.11146e-81
-8.69777e-81
-4.45981e-81
-9.65945e-82
1.56075e-82
2.1321e-82
8.2549e-83
1.04045e-83
-6.50382e-84
-4.62603e-84
-1.34108e-84
-6.0929e-87
1.83514e-85
8.95302e-86
1.77783e-86
-3.80676e-87
-4.2777e-87
-1.52703e-87
-1.43737e-88
1.40344e-88
8.64819e-89
2.19969e-89
-1.31789e-90
-3.60715e-90
-1.52625e-90
-2.32782e-91
9.60443e-92
7.64049e-92
2.29371e-92
5.06667e-94
-2.82628e-93
-1.38464e-93
-2.68261e-94
5.91623e-95
6.2921e-95
2.12798e-95
1.52731e-96
-2.09527e-96
-1.16368e-96
-2.59534e-97
3.32164e-98
4.90263e-98
1.80434e-98
1.84955e-99
-1.49747e-99
-9.18411e-100
-2.22581e-100
1.76762e-101
3.65733e-101
1.41985e-101
1.70012e-102
-1.05058e-102
-6.86973e-103
-1.73368e-103
9.85823e-105
2.63458e-104
1.04614e-104
1.31714e-105
-7.33692e-106
-4.89704e-106
-1.24041e-106
6.65088e-108
1.84112e-107
7.24876e-108
8.84833e-109
-5.12868e-109
-3.33397e-109
-8.18197e-110
5.55765e-111
1.24867e-110
4.7269e-111
5.12857e-112
-3.57189e-112
-2.16585e-112
-4.96225e-113
5.04629e-114
8.19003e-114
2.89309e-114
2.4504e-115
-2.44841e-115
-1.3376e-115
-2.73926e-116
4.43774e-117
5.16166e-117
1.65144e-117
8.08409e-119
-1.62696e-118
-7.80427e-119
-1.34581e-119
3.60428e-120
3.09958e-120
8.69452e-121
-2.53704e-123
-1.03288e-121
-4.26325e-122
-5.59044e-123
2.66905e-123
1.75626e-123
4.14167e-124
-3.35063e-125
-6.18585e-125
-2.15305e-125
-1.67705e-126
1.79858e-126
9.28467e-127
1.72067e-127
-3.6481e-128
-3.45577e-128
-9.86166e-129
-5.26813e-131
1.10266e-129
4.51633e-130
5.7005e-131
-2.82352e-131
-1.7807e-131
-3.96095e-132
4.19953e-133
6.13946e-133
1.98165e-133
1.02041e-134
-1.81231e-134
-8.34869e-135
-1.29321e-135
4.17153e-136
3.08919e-136
7.5794e-137
-4.31879e-138
-1.0085e-137
-3.49042e-138
-2.59297e-139
2.82388e-139
1.39053e-139
2.33961e-140
-6.08987e-141
-4.93033e-141
-1.25422e-141
4.96559e-143
1.55634e-142
5.48966e-143
4.36775e-144
-4.25188e-144
-2.11122e-144
-3.54428e-145
9.09871e-146
7.30105e-146
1.82224e-146
-8.45535e-148
-2.27141e-147
-7.76412e-148
-5.37472e-149
6.21554e-149
2.93185e-149
4.52924e-150
-1.38846e-150
-1.00377e-150
-2.32524e-151
1.80698e-152
3.1259e-152
9.85434e-153
4.223e-154
-8.73096e-154
-3.70931e-154
-4.7552e-155
2.08885e-155
1.27296e-155
2.56845e-156
-3.65098e-157
-4.01292e-157
-1.10967e-157
3.40786e-160
1.15555e-158
4.22831e-159
3.71331e-160
-2.96843e-160
-1.47058e-160
-2.36141e-161
6.35367e-162
4.72984e-162
1.08157e-162
-8.57809e-164
-1.40913e-163
-4.25749e-164
-1.2222e-165
3.85343e-165
1.51904e-165
1.61797e-166
-9.41501e-167
-5.01921e-167
-8.65219e-168
1.90641e-168
1.54873e-168
3.65561e-169
-2.31918e-170
-4.46294e-170
-1.36438e-170
-4.45867e-172
1.191e-171
4.67834e-172
4.87619e-173
-2.87735e-173
-1.49922e-173
-2.48034e-174
5.93343e-175
4.52253e-175
1.01406e-175
-8.44956e-177
-1.2854e-176
-3.69029e-177
-4.46785e-179
3.42444e-178
1.24071e-178
1.01949e-179
-8.43081e-180
-3.91978e-180
-5.513e-181
1.85519e-181
1.17308e-181
2.28501e-182
-3.32781e-183
-3.33502e-183
-8.33157e-184
3.08447e-185
8.99444e-185
2.79867e-185
1.06902e-186
-2.2867e-186
-8.84236e-187
-8.62334e-188
5.40166e-188
2.65544e-188
3.96192e-189
-1.14798e-189
-7.61967e-190
-1.50992e-190
2.01402e-191
2.09303e-191
5.19644e-192
-1.96143e-193
-5.49788e-193
-1.66942e-193
-5.12954e-195
1.37493e-194
5.08818e-195
4.34374e-196
-3.24235e-196
-1.48422e-196
-1.97104e-197
7.0696e-198
4.16362e-198
7.36923e-199
-1.36299e-199
-1.12587e-199
-2.48689e-200
2.03202e-201
2.93569e-201
7.84567e-202
-7.79457e-204
-7.36995e-203
-2.35391e-203
-1.07041e-204
1.77423e-204
6.78065e-205
6.22061e-206
-4.06399e-206
-1.88592e-206
-2.50663e-207
8.72484e-208
5.08999e-208
8.21986e-209
0
-1.4274e-210

