0
7.55985e-217
3.96061e-76
-5.32252e-74
4.33843e-75
2.48137e-73
-6.38034e-74
-8.62797e-73
3.60983e-73
2.6424e-72
-1.51469e-72
-7.52246e-72
5.45158e-72
2.04082e-71
-1.78474e-71
-5.35045e-71
5.47627e-71
1.36766e-70
-1.60268e-70
-3.42984e-70
4.5238e-70
8.47889e-70
-1.24092e-69
-2.07412e-69
3.32585e-69
5.03691e-69
-8.74377e-69
-1.21775e-68
2.2616e-68
2.93829e-68
-5.7681e-68
-7.09122e-68
1.45308e-67
1.71488e-67
-3.6203e-67
-4.16163e-67
8.9288e-67
1.01452e-66
-2.18124e-66
-2.48581e-66
5.27981e-66
6.12263e-66
-1.26638e-65
-1.5154e-65
3.00913e-65
3.76649e-65
-7.08e-65
-9.3915e-65
1.64806e-64
2.3464e-64
-3.79073e-64
-5.86632e-64
8.60039e-64
1.46563e-63
-1.91996e-63
-3.65405e-63
4.2027e-63
9.0785e-63
-8.97456e-63
-2.24466e-62
1.85497e-62
5.51567e-62
-3.66314e-62
-1.34512e-61
6.74644e-62
3.25107e-61
-1.09814e-61
-7.77559e-61
1.33196e-61
1.83716e-60
2.87014e-64
-4.27972e-60
-7.6963e-61
9.80633e-60
3.65146e-60
-2.2035e-59
-1.28804e-59
4.83605e-59
3.99888e-59
-1.03084e-58
-1.15111e-58
2.11605e-58
3.1419e-58
-4.12502e-58
-8.22187e-58
7.4407e-58
2.07442e-57
-1.17111e-57
-5.05864e-57
1.32353e-57
1.1925e-56
2.97479e-58
-2.7124e-56
-8.51049e-57
5.9271e-56
3.70922e-56
-1.23451e-55
-1.22444e-55
2.41605e-55
3.54846e-55
-4.31947e-55
-9.45596e-55
6.59624e-55
2.36061e-54
-6.73047e-55
-5.55914e-54
-4.61849e-55
1.23469e-53
5.55941e-54
-2.56799e-53
-2.2148e-53
4.91523e-53
6.8645e-53
-8.3165e-53
-1.86593e-52
1.10871e-52
4.61892e-52
-5.69362e-53
-1.05359e-51
-3.18444e-52
2.20881e-51
1.6643e-51
-4.17884e-51
-5.54651e-51
6.78307e-51
1.53675e-50
-7.9746e-51
-3.76967e-50
-3.95696e-53
8.32416e-50
3.99521e-50
-1.64205e-49
-1.68332e-49
2.78255e-49
5.09155e-49
-3.54628e-49
-1.29859e-48
1.09695e-49
2.90336e-48
1.28344e-48
-5.67295e-48
-5.84088e-48
9.2379e-48
1.77844e-47
-1.03601e-47
-4.45038e-47
-2.38492e-48
9.54571e-47
5.96463e-47
-1.72955e-46
-2.29849e-46
2.40302e-46
6.39838e-46
-1.38772e-46
-1.46695e-45
-5.89213e-46
2.80658e-45
3.00016e-45
-4.18439e-45
-9.08045e-45
3.26913e-45
2.15988e-44
6.83364e-45
-4.19294e-44
-4.19705e-44
6.22617e-44
1.31026e-43
-4.57922e-44
-3.10719e-43
-1.12529e-43
5.86038e-43
6.42341e-43
-8.03436e-43
-1.92652e-42
3.55496e-43
4.34292e-42
2.33789e-42
-7.5313e-42
-1.03906e-41
8.3849e-42
2.81112e-41
3.0063e-42
-5.71109e-41
-4.90129e-41
8.34824e-41
1.66409e-40
-4.87745e-41
-3.87175e-40
-1.96571e-40
6.59544e-40
9.27994e-40
-6.50778e-40
-2.45747e-39
-5.9866e-40
4.65303e-39
5.00561e-39
-5.6365e-39
-1.50347e-38
-6.29954e-40
3.07451e-38
2.68955e-38
-4.13066e-38
-9.05702e-38
8.86616e-39
1.95065e-37
1.48857e-37
-2.74789e-37
-5.45614e-37
9.10438e-38
1.20436e-36
8.74775e-37
-1.70178e-36
-3.31588e-36
5.20598e-37
7.27249e-36
5.52779e-36
-9.85303e-36
-2.03426e-35
1.39099e-36
4.28333e-35
3.70657e-35
-5.25999e-35
-1.2501e-34
-1.12924e-35
2.43375e-34
2.55684e-34
-2.48023e-34
-7.57941e-34
-2.33788e-34
1.30534e-33
1.75315e-33
-9.07555e-34
-4.43639e-33
-2.58854e-33
6.34328e-33
1.15869e-32
-1.03969e-33
-2.43223e-32
-2.27336e-32
2.54352e-32
7.17225e-32
2.33683e-32
-1.19021e-31
-1.7103e-31
5.78188e-32
4.01772e-31
3.10672e-31
-4.68236e-31
-1.118e-30
-2.71869e-31
1.92334e-30
2.62383e-30
-9.48449e-31
-6.2247e-30
-4.96704e-30
6.79885e-30
1.73277e-29
5.90764e-30
-2.74778e-29
-4.24746e-29
6.02384e-30
9.01239e-29
9.07514e-29
-7.2678e-29
-2.60844e-28
-1.58674e-28
3.25307e-28
6.87368e-28
1.68801e-28
-1.13922e-27
-1.66865e-27
2.3958e-28
3.51999e-27
3.72953e-27
-2.35014e-27
-1.0032e-26
-7.55956e-27
1.0199e-26
2.69647e-26
1.32762e-26
-3.55828e-26
-6.92714e-26
-1.72696e-26
1.11364e-25
1.71666e-25
1.48632e-27
-3.2611e-25
-4.13424e-25
9.91836e-26
9.13122e-25
9.74182e-25
-4.89774e-25
-2.4775e-24
-2.26221e-24
1.76768e-24
6.57321e-24
5.22011e-24
-5.5841e-24
-1.71682e-23
-1.20887e-23
1.6322e-23
4.43637e-23
2.84153e-23
-4.52162e-23
-1.13832e-22
-6.85723e-23
1.20101e-22
2.90709e-22
1.71406e-22
-3.07406e-22
-7.39707e-22
-4.45341e-22
7.58464e-22
1.87474e-21
1.19874e-21
-1.79631e-21
-4.72472e-21
-3.31344e-21
4.04147e-21
1.18041e-20
9.29636e-21
-8.45377e-21
-2.91026e-20
-2.61657e-20
1.56625e-20
7.0362e-20
7.31117e-20
-2.22152e-20
-1.65387e-19
-2.00981e-19
6.01329e-21
3.73277e-19
5.39151e-19
1.21826e-19
-7.93313e-19
-1.39999e-18
-6.59811e-19
1.53168e-18
3.48612e-18
2.50231e-18
-2.46821e-18
-8.22154e-18
-8.08775e-18
2.34594e-18
1.80127e-17
2.34635e-17
4.07677e-18
-3.53852e-17
-6.20292e-17
-3.36578e-17
5.73093e-17
1.49019e-16
1.32427e-16
-5.44253e-17
-3.18835e-16
-4.08498e-16
-8.82956e-17
5.75444e-16
1.07242e-15
7.09974e-16
-7.32478e-16
-2.41586e-15
-2.62366e-15
-4.75151e-17
4.47584e-15
7.36687e-15
4.27882e-15
-5.72584e-15
-1.67809e-14
-1.77558e-14
-4.37524e-16
2.9778e-14
5.01752e-14
3.25058e-14
-3.15626e-14
-1.08332e-13
-1.27977e-13
-3.09003e-14
1.65427e-13
3.32331e-13
2.83405e-13
-8.03203e-14
-6.1585e-13
-9.17682e-13
-5.3619e-13
6.21508e-13
1.9717e-12
2.36583e-12
7.99394e-13
-2.56483e-12
-5.80167e-12
-5.8601e-12
-6.12345e-13
8.65526e-12
1.62491e-11
1.43491e-11
-1.46249e-12
-2.6263e-11
-4.42913e-11
-3.57798e-11
8.74841e-12
7.4298e-11
1.19142e-10
9.32139e-11
-2.59435e-11
-1.98629e-10
-3.18193e-10
-2.56572e-10
4.73158e-11
5.01052e-10
8.4161e-10
7.38851e-10
7.5427e-12
-1.17141e-09
-2.17899e-09
-2.16806e-09
-5.53288e-10
2.42186e-09
5.4026e-09
6.27144e-09
3.21266e-09
-3.86996e-09
-1.23645e-08
-1.72725e-08
-1.3286e-08
1.86696e-09
2.43511e-08
4.35311e-08
4.52541e-08
1.89757e-08
-3.38372e-08
-9.45491e-08
-1.30087e-07
-1.05613e-07
-4.30351e-09
1.54002e-07
3.06444e-07
3.6222e-07
2.40251e-07
-8.12808e-08
-5.25166e-07
-9.10614e-07
-1.00139e-06
-6.04026e-07
3.1311e-07
1.53097e-06
2.57767e-06
2.84904e-06
1.84329e-06
-5.55866e-07
-3.85964e-06
-6.94283e-06
-8.28605e-06
-6.48745e-06
-9.22742e-07
7.67195e-06
1.69644e-05
2.33557e-05
2.29401e-05
1.29339e-05
-6.81643e-06
-3.27852e-05
-5.77128e-05
-7.18776e-05
-6.56632e-05
-3.29342e-05
2.56656e-05
0.000100589
0.000173444
0.000219815
0.000214753
0.000140009
-8.58057e-06
-0.000215573
-0.000444171
-0.000639558
-0.000737616
-0.00067803
-0.000419623
4.51127e-05
0.000679567
0.00139951
0.00207834
0.00256135
0.00268761
0.00231658
0.00135555
-0.000216383
-0.00233158
-0.00482719
-0.0074498
-0.0098709
-0.0117113
-0.0125713
-0.0120625
-0.00983833
-0.00561871
0.00079235
0.009498
0.0205085
0.0337488
0.0490721
0.0662771
0.0851269
0.105367
0.126741
0.149006
0.171937
0.19534
0.219047
0.242921
0.266852
0.290753
0.314559
0.338218
0.361692
0.384952
0.407974
0.43074
0.453233
0.475437
0.49734
0.518927
0.540185
0.561102
0.581664
0.601858
0.621672
0.641093
0.660109
0.678709
0.696879
0.71461
0.731889
0.748706
0.76505
0.780911
0.796279
0.811144
0.825496
0.839327
0.852628
0.86539
0.877606
0.889267
0.900367
0.910898
0.920853
0.930227
0.939014
0.947207
0.954802
0.961794
0.968179
0.973952
0.979109
0.983649
0.987567
0.990861
0.99353
0.995571
0.996983
0.997765
0.997917
0.997439
0.996331
0.994594
0.992228
0.989236
0.985619
0.981379
0.976519
0.971043
0.964953
0.958254
0.95095
0.943045
0.934544
0.925453
0.915778
0.905524
0.894698
0.883307
0.871358
0.858858
0.845817
0.832241
0.818139
0.803521
0.788395
0.772771
0.756659
0.740069
0.723012
0.705498
0.687538
0.669144
0.650327
0.6311
0.611474
0.591462
0.571076
0.55033
0.529236
0.507808
0.486059
0.464002
0.441653
0.419025
0.396133
0.37299
0.349611
0.326012
0.302206
0.27821
0.254038
0.229706
0.205229
0.180622
0.1559
0.131081
0.106178
0.0812089
0.0561881
0.0311319
0.00605599
-0.0190238
-0.0440915
-0.0691313
-0.0941276
-0.119064
-0.143926
-0.168697
-0.193361
-0.217903
-0.242307
-0.266558
-0.290641
-0.31454
-0.338241
-0.361728
-0.384987
-0.408002
-0.43076
-0.453245
-0.475445
-0.497344
-0.518929
-0.540186
-0.561102
-0.581663
-0.601857
-0.621671
-0.641093
-0.660109
-0.678709
-0.696879
-0.71461
-0.731889
-0.748706
-0.76505
-0.780911
-0.796279
-0.811144
-0.825496
-0.839327
-0.852628
-0.86539
-0.877606
-0.889267
-0.900367
-0.910898
-0.920853
-0.930227
-0.939014
-0.947207
-0.954802
-0.961794
-0.968179
-0.973952
-0.979109
-0.983649
-0.987567
-0.990861
-0.99353
-0.995571
-0.996983
-0.997766
-0.997918
-0.997439
-0.99633
-0.994592
-0.992227
-0.989235
-0.985619
-0.981381
-0.976523
-0.971047
-0.964956
-0.958254
-0.950945
-0.943036
-0.934533
-0.925444
-0.915775
-0.905532
-0.894719
-0.883337
-0.871389
-0.858878
-0.845812
-0.832203
-0.818068
-0.80343
-0.788308
-0.772721
-0.756679
-0.740182
-0.723217
-0.705766
-0.68781
-0.669336
-0.650349
-0.630878
-0.610976
-0.59072
-0.570198
-0.549494
-0.528671
-0.507757
-0.486726
-0.4655
-0.443951
-0.421921
-0.399241
-0.375766
-0.351404
-0.326139
-0.300056
-0.27334
-0.246276
-0.21923
-0.192618
-0.16688
-0.142439
-0.119673
-0.0988865
-0.0802929
-0.0640074
-0.0500475
-0.0383417
-0.0287456
-0.0210598
-0.0150506
-0.0104689
-0.00706689
-0.00461106
-0.00289159
-0.00172763
-0.000969302
-0.00049703
-0.000218903
-6.69405e-05
7.15758e-06
3.62369e-05
4.15534e-05
3.6068e-05
2.70973e-05
1.83285e-05
1.12725e-05
6.24926e-06
3.01634e-06
1.13672e-06
1.71922e-07
-2.35019e-07
-3.39066e-07
-3.03566e-07
-2.2206e-07
-1.40945e-07
-7.81606e-08
-3.65905e-08
-1.25875e-08
-7.64943e-10
3.72941e-09
4.43815e-09
3.58535e-09
2.37358e-09
1.3346e-09
6.20895e-10
2.06625e-10
6.5004e-12
-6.52006e-11
-7.25689e-11
-5.53624e-11
-3.42145e-11
-1.74674e-11
-6.85913e-12
-1.31677e-12
9.32736e-13
1.42153e-12
1.17285e-12
7.46768e-13
3.85006e-13
1.50928e-13
2.86497e-14
-2.00761e-14
-2.98662e-14
-2.38903e-14
-1.45784e-14
-7.04334e-15
-2.41921e-15
-1.78508e-16
5.91243e-16
6.4617e-16
4.55545e-16
2.48046e-16
1.02202e-16
2.3181e-17
-9.02383e-18
-1.59952e-17
-1.28012e-17
-7.51838e-18
-3.36072e-18
-9.5088e-19
1.06064e-19
3.89423e-19
3.40257e-19
2.07256e-19
9.50499e-20
2.82115e-20
-1.60697e-21
-9.86572e-21
-8.78473e-21
-5.31913e-21
-2.38847e-21
-6.6862e-22
7.48695e-23
2.63116e-22
2.20968e-22
1.27375e-22
5.33432e-23
1.23225e-23
-3.97785e-24
-7.11792e-24
-5.32516e-24
-2.80374e-24
-1.02862e-24
-1.38112e-25
1.63827e-25
1.84963e-25
1.19391e-25
5.49282e-26
1.57437e-26
-1.19563e-27
-5.37497e-27
-4.40159e-27
-2.39621e-27
-9.00231e-28
-1.36216e-28
1.2471e-28
1.44999e-28
9.20852e-29
4.0716e-29
1.04934e-29
-1.82231e-30
-4.3485e-30
-3.23659e-30
-1.6133e-30
-5.21003e-31
-1.88541e-32
1.20385e-31
1.06613e-31
5.85115e-32
2.15203e-32
2.90552e-33
-3.12271e-33
-3.35383e-33
-1.99096e-33
-7.95369e-34
-1.5093e-34
7.76751e-35
1.02375e-34
6.45732e-35
2.71612e-35
5.98548e-36
-1.93031e-36
-3.07288e-36
-2.01722e-36
-8.71417e-37
-2.04288e-37
5.09514e-38
9.15727e-38
6.10828e-38
2.64936e-38
6.22775e-39
-1.50749e-39
-2.72166e-39
-1.79772e-39
-7.65795e-40
-1.70965e-40
4.9944e-41
8.05861e-41
5.13943e-41
2.10209e-41
4.17168e-42
-1.75576e-42
-2.36279e-42
-1.42222e-42
-5.44922e-43
-8.62389e-44
6.17789e-44
6.79721e-44
3.78608e-44
1.31906e-44
1.2761e-45
-2.09654e-45
-1.89829e-45
-9.61029e-46
-2.91981e-46
1.36772e-49
6.73462e-47
5.08977e-47
2.29745e-47
5.66332e-48
-9.85522e-49
-2.02872e-48
-1.29505e-48
-5.07902e-49
-8.59151e-50
5.06508e-50
5.69667e-50
3.0857e-50
1.00648e-50
5.32483e-52
-1.85333e-51
-1.48198e-51
-6.76411e-52
-1.67188e-52
2.73265e-53
5.68501e-53
3.54067e-53
1.32576e-53
1.85967e-54
-1.55357e-54
-1.5296e-54
-7.65634e-55
-2.19067e-55
8.57172e-57
5.35832e-56
3.65409e-56
1.4581e-56
2.54719e-57
-1.31558e-57
-1.4815e-57
-7.70539e-58
-2.29958e-58
1.40327e-60
4.98576e-59
3.48454e-59
1.39656e-59
2.44905e-60
-1.22666e-60
-1.37365e-60
-7.02124e-61
-2.01848e-61
6.29353e-63
4.64942e-62
3.09425e-62
1.17636e-62
1.71338e-63
-1.25303e-63
-1.21722e-63
-5.78678e-64
-1.46747e-64
1.82976e-65
4.26037e-65
2.53536e-65
8.58598e-66
6.76348e-67
-1.28712e-66
-1.01045e-66
-4.23443e-67
-8.18896e-68
3.02182e-68
3.68625e-68
1.8719e-68
5.17089e-69
-2.83919e-70
-1.22418e-69
-7.61354e-70
-2.64002e-70
-2.44167e-71
3.61713e-71
2.88502e-71
1.1967e-71
2.22303e-72
-8.89764e-73
-1.02288e-72
-5.03969e-73
-1.14741e-73
0

