0
0.0237168
0.0489893
0.0740738
0.0991115
0.124087
0.148983
0.173786
0.198479
0.223046
0.247473
0.271743
0.295842
0.319753
0.343463
0.366956
0.390217
0.413232
0.435986
0.458464
0.480653
0.502538
0.524105
0.545342
0.566234
0.586769
0.606933
0.626713
0.646098
0.665075
0.683631
0.701756
0.719437
0.736664
0.753426
0.769712
0.785512
0.800816
0.815613
0.829896
0.843655
0.85688
0.869565
0.8817
0.893278
0.904292
0.914735
0.9246
0.933881
0.942572
0.950668
0.958164
0.965054
0.971335
0.977002
0.982052
0.986482
0.990288
0.993469
0.996023
0.997948
0.999242
0.999905
0.999937
0.999337
0.998106
0.996244
0.993753
0.990635
0.98689
0.982523
0.977535
0.971929
0.965709
0.95888
0.951445
0.943409
0.934777
0.925554
0.915747
0.905362
0.894405
0.882883
0.870803
0.858173
0.845001
0.831296
0.817065
0.802318
0.787065
0.771314
0.755076
0.738362
0.721181
0.703544
0.685463
0.666949
0.648014
0.62867
0.608928
0.588802
0.568304
0.547447
0.526244
0.504709
0.482855
0.460696
0.438246
0.415519
0.39253
0.369293
0.345823
0.322134
0.298241
0.274161
0.249907
0.225495
0.200941
0.17626
0.151468
0.12658
0.101612
0.0765798
0.0514993
0.0263863
0.0012566
-0.0238739
-0.0489893
-0.0740738
-0.0991115
-0.124087
-0.148983
-0.173786
-0.198479
-0.223046
-0.247473
-0.271743
-0.295842
-0.319753
-0.343463
-0.366956
-0.390217
-0.413232
-0.435986
-0.458464
-0.480653
-0.502538
-0.524105
-0.545342
-0.566234
-0.586769
-0.606933
-0.626713
-0.646098
-0.665075
-0.683631
-0.701756
-0.719437
-0.736664
-0.753426
-0.769712
-0.785512
-0.800816
-0.815613
-0.829896
-0.843655
-0.85688
-0.869565
-0.8817
-0.893278
-0.904292
-0.914735
-0.9246
-0.933881
-0.942572
-0.950668
-0.958164
-0.965054
-0.971335
-0.977002
-0.982052
-0.986482
-0.990288
-0.993469
-0.996023
-0.997948
-0.999242
-0.999905
-0.999937
-0.999337
-0.998106
-0.996244
-0.993753
-0.990635
-0.98689
-0.982523
-0.977535
-0.971929
-0.965709
-0.95888
-0.951445
-0.943409
-0.934777
-0.925554
-0.915747
-0.905362
-0.894405
-0.882883
-0.870803
-0.858173
-0.845001
-0.831296
-0.817065
-0.802318
-0.787065
-0.771314
-0.755076
-0.738362
-0.721181
-0.703544
-0.685463
-0.666949
-0.648014
-0.62867
-0.608928
-0.588802
-0.568304
-0.547447
-0.526244
-0.504709
-0.482855
-0.460696
-0.438246
-0.415519
-0.39253
-0.369293
-0.345823
-0.322134
-0.298241
-0.274161
-0.249907
-0.225495
-0.200941
-0.17626
-0.151468
-0.12658
-0.101612
-0.0765798
-0.0514993
-0.0263863
-0.000785415
0.000157063
1.53081e-18
0
0
0
0
0
0
0
0
0
0
0
0
0
0
0
0
0
0
0
0
0
0
0
0
0
0
0
0
0
0
0
0
0
0
0
0
0
0
0
0
0
0
0
0
0
0
0
0
0
0
0
0
0
0
0
0
0
0
0
0
0
0
0
0
0
0
0
0
0
0
0
0
0
0
0
0
0
0
0
0
0
0
0
0
0
0
0
0
0
0
0
0
0
0
0
0
0
0
0
0
0
0
0
0
0
0
0
0
0
0
0
0
0
0
0
0
0
0
0
0
0
0
0
0
0
0
0
0
0
0
0
0
0
0
0
0
0
0
0
0
0
0
0
0
0
0
0
0
0
0
0
0
0
0
0
0
0
0
0
0
0
0
0
0
0
0
0
0
0
0
0
0
0
0
0
0
0
0
0
0
0
0
0
0
0
0
0
0
0
0
0
0
0
0
0
0
0
0
0
0
0
0
0
0
0
0
0
0
0
0
0
0
0
0
0
0
0
0
0
0
0
0
0
0
0
0
0
0
0
0
0
0
0
0
0
0
0
0
0
0
0
0
0
0
0
0
0
0
0
0
0
0
0
0
0
0
0
0
0
0
0
0
0
0
0
0
0
0
0
0
0
0
0
0
0
0
0
0
0
0
0
0
0
0
0
0
0
0
0
0
0
0
0
0
0
0
0
0
0
0
0
0
0
0
0
0
0
0
0
0
0
0
0
0
0
0
0
0
0
0
0
0
0
0
0
0
0
0
0
0
0
0
0
0
0
0
0
0
0
0
0
0
0
0
0
0
0
0
0
0
0
0
0
0
0
0
0
0
0
0
0
0
0
0
0
0
0
0
0
0
0
0
0
0
0
0
0
0
0
0
0
0
0
0
0
0
0
0
0
0
0
0
0
0
0
0
0
0
0
0
0
0
0
0
0
0
0
0
0
0
0
0
0
0
0
0
0
0
0
0
0
0
0
0
0
0
0
0
0
0
0
0
0
0
0
0
0
0
0
0
0
0
0
0
0
0
0
0
0
0
0
0
0
0
0
0
0
0
0
0
0
0
0
0
0
0
0
0
0
0
0
0
0
0
0
0
0
0
0
0
0
0
0
0
0
0
0
0
0
0
0
0
0
0
0
0
0
0
0
0
0
0
0
0
0
0
0
0
0
0
0
0
0
0
0
0
0
0
0
0
0
0
0
0
0
0
0
0
0
0
0
0
0
0
0
0
0
0
0
0
0
0
0
0
0
0
0
0
0
0
0
0
0
0
0
0
0
0
0
0
0
0
0
0
0
0
0
0
0
0
0
0
0
0
0
0
0
0
0
0
0
0
0
0
0
0
0
0
0
0
0
0
0
0
0
0
0
0
0
0
0
0
0
0
0
0
0
0
0
0
0
0
0
0
0
0
0
0
0
0
0
0
0
0
0
0
0
0
0
0
0
0
0
0
0
0
0
0
0
0
0
0
0
0
0
0
0
0
0
0
0
0
0
0
0
0
0
0
0
0
0
0
0
0
0
0
0
0
0
0
0
0
0
0
0
0
0
0
0
0
0
0
0
0
0
0
0
0
0
0
0
0
0
0
0
0
0
0
0
0
0
0
0
0
0
0
0
0
0
0
0
0
0
0
0
0
0
0
0
0
0
0
0
0
0
0
0
0
0
0
0
0
0
0
0
0
0
0
0
0
0
0
0
0
0
0
0
0

