0
1.99349e-74
-3.67675e-74
-1.33924e-73
1.97199e-73
4.86621e-73
-7.83704e-73
-1.4636e-72
2.70072e-72
3.98595e-72
-8.5394e-72
-1.01762e-71
2.54686e-71
2.47715e-71
-7.27997e-71
-5.80398e-71
2.01476e-70
1.31635e-70
-5.43645e-70
-2.90046e-70
1.43747e-69
6.22509e-70
-3.73869e-69
-1.30445e-69
9.59285e-69
2.67693e-69
-2.43381e-68
-5.40736e-69
6.11691e-68
1.0852e-68
-1.52518e-67
-2.19928e-68
3.77703e-67
4.61526e-68
-9.29842e-67
-1.03374e-67
2.27709e-66
2.52772e-67
-5.54952e-66
-6.74883e-67
1.34629e-65
1.92452e-66
-3.25123e-65
-5.69086e-66
7.81504e-65
1.7033e-65
-1.86918e-64
-5.08203e-65
4.44624e-64
1.49926e-64
-1.05114e-63
-4.35694e-64
2.46758e-63
1.24552e-63
-5.74562e-63
-3.50179e-63
1.32509e-62
9.68561e-63
-3.02156e-62
-2.63664e-62
6.79695e-62
7.06712e-62
-1.50386e-61
-1.86564e-61
3.25961e-61
4.85138e-61
-6.88176e-61
-1.24258e-60
1.40287e-60
3.13385e-60
-2.72167e-60
-7.77849e-60
4.88993e-60
1.89851e-59
-7.63981e-60
-4.55104e-59
8.3372e-60
1.06971e-58
3.81775e-60
-2.45966e-58
-6.44079e-59
5.51487e-58
2.78568e-58
-1.2001e-57
-9.35795e-58
2.5169e-57
2.79172e-57
-5.02965e-57
-7.73081e-57
9.3847e-57
2.02564e-56
-1.56708e-56
-5.06738e-56
2.08086e-56
1.21467e-55
-1.03951e-56
-2.78975e-55
-6.40241e-56
6.11767e-55
3.43368e-55
-1.27073e-54
-1.20124e-54
2.46119e-54
3.55892e-54
-4.3017e-54
-9.54265e-54
6.24025e-54
2.37328e-53
-5.22016e-54
-5.52194e-53
-9.32793e-54
1.20099e-52
6.78531e-53
-2.41681e-52
-2.48613e-52
4.38451e-52
7.34992e-52
-6.70766e-52
-1.91948e-51
6.72606e-52
4.5571e-51
4.98731e-52
-9.89111e-51
-5.53136e-51
1.94064e-50
2.11233e-50
-3.31382e-50
-6.21738e-50
4.37469e-50
1.58045e-49
-2.0046e-50
-3.57779e-49
-1.32408e-49
7.20435e-49
6.53555e-49
-1.24848e-48
-2.07425e-48
1.65883e-48
5.40901e-48
-7.66558e-49
-1.22281e-47
-4.91878e-48
2.39965e-47
2.39005e-47
-3.90054e-47
-7.38206e-47
4.31231e-47
1.849e-46
1.26604e-47
-3.93584e-46
-2.5757e-46
7.00046e-46
9.73489e-46
-9.28743e-46
-2.6637e-45
3.78612e-46
5.97417e-45
2.88935e-45
-1.10483e-44
-1.31745e-44
1.53626e-44
3.81115e-44
-8.34741e-45
-8.70824e-44
-3.92071e-44
1.60357e-43
1.90501e-43
-2.14645e-43
-5.51396e-43
8.22275e-44
1.23062e-42
6.74962e-43
-2.14664e-42
-2.93779e-42
2.48241e-42
7.99352e-42
4.62263e-43
-1.65866e-41
-1.30157e-41
2.55356e-41
4.62671e-41
-1.95873e-41
-1.12114e-40
-4.29338e-41
2.0341e-40
2.45001e-40
-2.39545e-40
-6.98707e-40
-3.98958e-41
1.43229e-39
1.20898e-39
-2.03856e-39
-4.14771e-39
9.33277e-40
9.40085e-39
5.67724e-39
-1.49368e-38
-2.40651e-38
1.11653e-38
5.92312e-38
2.63377e-38
-1.00598e-37
-1.39589e-37
8.93545e-38
3.64912e-37
1.29506e-37
-6.40668e-37
-8.24535e-37
5.97419e-37
2.22213e-36
7.39296e-37
-3.90484e-36
-5.01219e-36
3.49199e-36
1.34243e-35
5.07211e-36
-2.27983e-35
-3.13299e-35
1.75378e-35
8.01663e-35
3.92188e-35
-1.26247e-34
-1.98968e-34
6.74465e-35
4.6804e-34
3.12319e-34
-6.46602e-34
-1.25855e-33
8.08746e-35
2.62049e-33
2.41538e-33
-2.89279e-33
-7.73822e-33
-1.90935e-33
1.36347e-32
1.75846e-32
-9.52692e-33
-4.49385e-32
-2.69117e-32
6.2206e-32
1.18033e-31
-1.65598e-33
-2.371e-31
-2.4512e-31
2.13865e-31
7.13536e-31
3.33256e-31
-1.06024e-30
-1.79741e-30
1.6385e-31
3.73343e-30
3.73366e-30
-3.29586e-30
-1.0979e-29
-5.59769e-30
1.54207e-29
2.81434e-29
1.11228e-30
-5.39893e-29
-6.29587e-29
3.45665e-29
1.62439e-28
1.17663e-28
-1.82447e-28
-4.39337e-28
-1.51843e-28
6.79144e-28
1.08617e-27
-4.91698e-29
-2.16555e-27
-2.45799e-27
1.2837e-27
6.28097e-27
5.01593e-27
-6.11405e-27
-1.70292e-26
-8.79384e-27
2.21038e-26
4.3819e-26
1.11242e-26
-7.03983e-26
-1.08053e-25
1.09068e-27
2.07946e-25
2.57128e-25
-7.49673e-26
-5.84183e-25
-5.93903e-25
3.59133e-25
1.58438e-24
1.33917e-24
-1.28855e-24
-4.1909e-24
-2.96817e-24
4.07423e-24
1.08938e-23
6.52684e-24
-1.19663e-23
-2.79919e-23
-1.44257e-23
3.34318e-23
7.14273e-23
3.26038e-23
-8.99489e-23
-1.81615e-22
-7.68197e-23
2.34571e-22
4.61143e-22
1.91621e-22
-5.94514e-22
-1.17024e-21
-5.0822e-22
1.46384e-21
2.96641e-21
1.42e-21
-3.48913e-21
-7.49627e-21
-4.1056e-21
7.98821e-21
1.88219e-20
1.20488e-20
-1.73097e-20
-4.67335e-20
-3.53193e-20
3.44795e-20
1.14031e-19
1.02184e-19
-5.89241e-20
-2.71191e-19
-2.89215e-19
6.71883e-20
6.21576e-19
7.95086e-19
5.51009e-20
-1.35012e-18
-2.10854e-18
-7.22889e-19
2.69999e-18
5.3515e-18
3.23364e-18
-4.67485e-18
-1.28596e-17
-1.12273e-17
5.76068e-18
2.87731e-17
3.39384e-17
1.23992e-18
-5.81732e-17
-9.22946e-17
-4.06609e-17
9.93919e-17
2.26927e-16
1.80896e-16
-1.14142e-16
-4.97196e-16
-5.86292e-16
-6.02508e-17
9.28078e-16
1.58542e-15
9.1989e-16
-1.28137e-15
-3.65902e-15
-3.68164e-15
3.79003e-16
6.98106e-15
1.07053e-14
5.43254e-15
-9.54095e-15
-2.49954e-14
-2.47524e-14
1.99999e-15
4.56736e-14
7.23641e-14
4.24585e-14
-5.24638e-14
-1.59999e-13
-1.79263e-13
-3.01358e-14
2.52762e-13
4.78385e-13
3.84389e-13
-1.52911e-13
-9.07602e-13
-1.29426e-12
-6.95149e-13
9.73651e-13
2.83988e-12
3.27919e-12
9.44136e-13
-3.81872e-12
-8.216e-12
-8.00298e-12
-3.94412e-13
1.25415e-11
2.27066e-11
1.93645e-11
-3.1316e-12
-3.73562e-11
-6.12276e-11
-4.78917e-11
1.45512e-11
1.04174e-10
1.63221e-10
1.24234e-10
-4.08724e-11
-2.75146e-10
-4.3248e-10
-3.41417e-10
7.52243e-11
6.8649e-10
1.13531e-09
9.82071e-10
-1.06725e-11
-1.58789e-09
-2.91639e-09
-2.87416e-09
-7.03694e-10
3.24628e-09
7.16725e-09
8.27182e-09
4.20325e-09
-5.11721e-09
-1.62313e-08
-2.26068e-08
-1.73703e-08
2.3571e-09
3.15339e-08
5.63822e-08
5.86862e-08
2.49657e-08
-4.28112e-08
-1.20759e-07
-1.66689e-07
-1.36308e-07
-8.25828e-09
1.92428e-07
3.8652e-07
4.59725e-07
3.09981e-07
-9.06866e-08
-6.46765e-07
-1.1338e-06
-1.25823e-06
-7.78744e-07
3.46922e-07
1.85287e-06
3.16226e-06
3.53441e-06
2.35048e-06
-5.42307e-07
-4.56406e-06
-8.36292e-06
-1.0105e-05
-8.08788e-06
-1.53048e-06
8.7285e-06
1.99456e-05
2.78574e-05
2.78106e-05
1.64443e-05
-6.53309e-06
-3.71055e-05
-6.68698e-05
-8.45009e-05
-7.87188e-05
-4.2191e-05
2.46536e-05
0.00011116
0.00019648
0.000252763
0.000251369
0.000171069
6.39798e-06
-0.000226099
-0.000485854
-0.000711967
-0.00083287
-0.000780863
-0.000509059
-7.40398e-06
0.000685849
0.00148034
0.00223934
0.00279532
0.00297367
0.00262144
0.00163665
-6.04163e-06
-0.00223811
-0.00488994
-0.00769746
-0.0103166
-0.0123549
-0.013392
-0.0130377
-0.0109122
-0.00677971
-0.000339859
0.00829399
0.0195619
0.0325024
0.0487011
0.0660815
0.0851072
0.105511
0.12703
0.149418
0.172452
0.195935
0.219702
0.24362
0.267581
0.291501
0.315316
0.338979
0.362452
0.385708
0.408724
0.431481
0.453965
0.47616
0.498053
0.51963
0.540877
0.561783
0.582333
0.602515
0.622317
0.641725
0.660728
0.679314
0.697471
0.715188
0.732452
0.749254
0.765583
0.781428
0.79678
0.811628
0.825964
0.839778
0.853062
0.865806
0.878004
0.889648
0.900729
0.911242
0.921179
0.930534
0.939301
0.947475
0.955051
0.962023
0.968388
0.974141
0.979279
0.983799
0.987697
0.990971
0.993619
0.995639
0.997031
0.997793
0.997925
0.997426
0.996298
0.99454
0.992154
0.989141
0.985504
0.981244
0.976364
0.970868
0.964758
0.958039
0.950715
0.94279
0.93427
0.92516
0.915466
0.905193
0.894348
0.882939
0.870972
0.858455
0.845395
0.831802
0.817683
0.803048
0.787905
0.772265
0.756137
0.739532
0.722459
0.70493
0.686956
0.668548
0.649718
0.630477
0.610838
0.590814
0.570416
0.549658
0.528552
0.507113
0.485353
0.463287
0.440929
0.418291
0.39539
0.372239
0.348853
0.325246
0.301434
0.277432
0.253254
0.228916
0.204434
0.179823
0.155098
0.130275
0.10537
0.0803982
0.0553757
0.0303183
0.00524166
-0.0198383
-0.0449057
-0.0699447
-0.0949395
-0.119874
-0.144734
-0.169501
-0.194162
-0.2187
-0.2431
-0.267346
-0.291424
-0.315317
-0.339012
-0.362492
-0.385743
-0.408751
-0.4315
-0.453977
-0.476167
-0.498056
-0.519631
-0.540877
-0.561782
-0.582332
-0.602515
-0.622316
-0.641725
-0.660728
-0.679314
-0.697471
-0.715188
-0.732452
-0.749254
-0.765583
-0.781428
-0.79678
-0.811628
-0.825964
-0.839778
-0.853062
-0.865806
-0.878004
-0.889648
-0.900729
-0.911242
-0.921179
-0.930534
-0.939301
-0.947475
-0.955051
-0.962024
-0.968388
-0.974141
-0.979279
-0.983798
-0.987696
-0.99097
-0.993619
-0.99564
-0.997031
-0.997794
-0.997925
-0.997426
-0.996297
-0.994538
-0.992152
-0.98914
-0.985504
-0.981246
-0.976367
-0.970872
-0.964761
-0.958039
-0.95071
-0.942781
-0.934259
-0.925151
-0.915463
-0.905202
-0.89437
-0.882969
-0.871003
-0.858474
-0.84539
-0.831763
-0.817611
-0.802956
-0.787819
-0.772217
-0.75616
-0.739648
-0.722668
-0.705202
-0.687229
-0.668738
-0.649734
-0.630247
-0.610331
-0.590062
-0.569531
-0.548821
-0.527995
-0.507079
-0.486045
-0.464814
-0.443256
-0.42121
-0.39851
-0.375009
-0.350617
-0.325322
-0.29921
-0.272471
-0.245393
-0.218345
-0.191745
-0.166034
-0.141634
-0.118923
-0.0982004
-0.0796787
-0.0634694
-0.0495863
-0.0379552
-0.028429
-0.0208065
-0.014853
-0.0103186
-0.0069556
-0.00453102
-0.0028358
-0.00169008
-0.000945019
-0.000482054
-0.000210203
-6.22846e-05
9.34524e-06
3.70204e-05
4.16149e-05
3.5818e-05
2.67629e-05
1.80206e-05
1.10327e-05
6.08283e-06
2.91177e-06
1.07762e-06
1.42803e-07
-2.46332e-07
-3.41045e-07
-3.01499e-07
-2.18885e-07
-1.38048e-07
-7.60208e-08
-3.52258e-08
-1.18304e-08
-4.12817e-10
3.84716e-09
4.4409e-09
3.54519e-09
2.3277e-09
1.29815e-09
5.97099e-10
1.93485e-10
5.79785e-13
-6.70009e-11
-7.24347e-11
-5.45839e-11
-3.34214e-11
-1.68863e-11
-6.512e-12
-1.14715e-12
9.93698e-13
1.42807e-12
1.15903e-12
7.30058e-13
3.72197e-13
1.43195e-13
2.4902e-14
-2.13802e-14
-2.99697e-14
-2.35674e-14
-1.42147e-14
-6.77836e-15
-2.26859e-15
-1.11975e-16
6.0975e-16
6.4341e-16
4.46876e-16
2.40285e-16
9.72394e-17
2.07171e-17
-9.89549e-18
-1.60813e-17
-1.26139e-17
-7.30882e-18
-3.21463e-18
-8.73678e-19
1.35905e-19
3.94595e-19
3.36142e-19
2.01745e-19
9.10321e-20
2.60461e-20
-2.4565e-21
-1.00222e-20
-8.67938e-21
-5.17365e-21
-2.28325e-21
-6.13145e-22
9.56709e-23
2.66212e-22
2.17773e-22
1.23525e-22
5.07228e-23
1.10274e-23
-4.41014e-24
-7.14144e-24
-5.22312e-24
-2.70442e-24
-9.6767e-25
-1.11182e-25
1.7089e-25
1.83738e-25
1.16316e-25
5.25254e-26
1.44601e-26
-1.66889e-27
-5.43917e-27
-4.32785e-27
-2.31363e-27
-8.4789e-28
-1.12908e-28
1.30829e-28
1.44006e-28
8.95672e-29
3.88007e-29
9.51424e-30
-2.15338e-30
-4.37158e-30
-3.16816e-30
-1.54859e-30
-4.83883e-31
-4.33421e-33
1.22943e-31
1.04967e-31
5.645e-32
2.02117e-32
2.3415e-33
-3.25622e-33
-3.31955e-33
-1.92785e-33
-7.5162e-34
-1.30772e-34
8.31864e-35
1.01787e-34
6.26837e-35
2.57551e-35
5.30905e-36
-2.12942e-36
-3.06526e-36
-1.96098e-36
-8.27552e-37
-1.82728e-37
5.74832e-38
9.14921e-38
5.93982e-38
2.5158e-38
5.57106e-39
-1.70491e-39
-2.71829e-39
-1.74672e-39
-7.26029e-40
-1.51814e-40
5.54559e-41
8.03029e-41
4.98387e-41
1.98648e-41
3.63784e-42
-1.89677e-42
-2.34531e-42
-1.37491e-42
-5.12252e-43
-7.20903e-44
6.50075e-44
6.71254e-44
3.64456e-44
1.22994e-44
9.22995e-46
-2.15881e-45
-1.86349e-45
-9.19929e-46
-2.68728e-46
8.3003e-48
6.81656e-47
4.96341e-47
2.183e-47
5.08974e-48
-1.15525e-48
-2.02513e-48
-1.25363e-48
-4.77698e-49
-7.27522e-50
5.36231e-50
5.62026e-50
2.96186e-50
9.31863e-51
2.58416e-52
-1.88852e-51
-1.44663e-51
-6.42551e-52
-1.50194e-52
3.22602e-53
5.66921e-53
3.42e-53
1.24131e-53
1.51119e-54
-1.621e-54
-1.50205e-54
-7.30953e-55
-2.00046e-55
1.4721e-56
5.38706e-56
3.54132e-56
1.37107e-56
2.16835e-57
-1.39841e-57
-1.45902e-57
-7.36772e-58
-2.10797e-58
7.76313e-60
5.02689e-59
3.37817e-59
1.31285e-59
2.08558e-60
-1.3048e-60
-1.35168e-60
-6.7028e-61
-1.84222e-61
1.19009e-62
4.67056e-62
2.99171e-62
1.10082e-62
1.40381e-63
-1.31005e-63
-1.19236e-63
-5.49752e-64
-1.31991e-64
2.24635e-65
4.24221e-65
2.43739e-65
7.95409e-66
4.45967e-67
-1.3149e-66
-9.82385e-67
-3.98753e-67
-7.08683e-68
3.26662e-68
3.62858e-68
1.78363e-68
4.69339e-69
-4.27082e-70
-1.22432e-69
-7.3277e-70
-2.44876e-70
-1.73626e-71
3.70591e-71
2.80379e-71
1.12518e-71
1.90936e-72
-9.53452e-73
-1.00998e-72
-4.77487e-73
0
2.27447e-74

