0
4.3276e-225
2.28634e-222
6.03897e-220
1.0633e-217
1.404e-215
1.48297e-213
1.30519e-211
9.84529e-210
6.49758e-208
3.81138e-206
2.01194e-204
9.65421e-203
4.24609e-201
1.72369e-199
6.49689e-198
2.28533e-196
7.53568e-195
2.33845e-193
6.85283e-192
1.90235e-190
5.01644e-189
1.25971e-187
3.01928e-186
6.92136e-185
1.52039e-183
3.20591e-182
6.49942e-181
1.26872e-179
2.38795e-178
4.33915e-177
7.62116e-176
1.29526e-174
2.13238e-173
3.40384e-172
5.27314e-171
7.93487e-170
1.16074e-168
1.65194e-167
2.28892e-166
3.08992e-165
4.06657e-164
5.2209e-163
6.54272e-162
8.00777e-161
9.57727e-160
1.11988e-158
1.28091e-157
1.43379e-156
1.57133e-155
1.68678e-154
1.77433e-153
1.82966e-152
1.85026e-151
1.83563e-150
1.78723e-149
1.70831e-148
1.60357e-147
1.47871e-146
1.33994e-145
1.19351e-144
1.04526e-143
9.00344e-143
7.6294e-142
6.36186e-141
5.22155e-140
4.21931e-139
3.35749e-138
2.63158e-137
2.03211e-136
1.54631e-135
1.15973e-134
8.57474e-134
6.2513e-133
4.49459e-132
3.18759e-131
2.23031e-130
1.53985e-129
1.04924e-128
7.05709e-128
4.68605e-127
3.07246e-126
1.98945e-125
1.27236e-124
8.03868e-124
5.01787e-123
3.0951e-122
1.88674e-121
1.13682e-120
6.77121e-120
3.98745e-119
2.32185e-118
1.33701e-117
7.61465e-117
4.28975e-116
2.39073e-115
1.31824e-114
7.19234e-114
3.88337e-113
2.07517e-112
1.09762e-111
5.74705e-111
2.97906e-110
1.52896e-109
7.77029e-109
3.9106e-108
1.9492e-107
9.62306e-107
4.70602e-106
2.2799e-105
1.0943e-104
5.2042e-104
2.45246e-103
1.14529e-102
5.3007e-102
2.43156e-101
1.10562e-100
4.98341e-100
2.2268e-99
9.86515e-99
4.33333e-98
1.88742e-97
8.15214e-97
3.49191e-96
1.48344e-95
6.25063e-95
2.61247e-94
1.08313e-93
4.45488e-93
1.81781e-92
7.35945e-92
2.95631e-91
1.17839e-90
4.66107e-90
1.82965e-89
7.12786e-89
2.75603e-88
1.05771e-87
4.02929e-87
1.52369e-86
5.71991e-86
2.13173e-85
7.88761e-85
2.89769e-84
1.057e-83
3.82853e-83
1.37704e-82
4.91859e-82
1.74474e-81
6.14669e-81
2.15074e-80
7.4747e-80
2.58034e-79
8.84821e-79
3.01404e-78
1.01994e-77
3.4289e-77
1.14526e-76
3.80051e-76
1.2531e-75
4.10535e-75
1.33646e-74
4.32335e-74
1.38982e-73
4.44003e-73
1.40968e-72
4.44814e-72
1.39501e-71
4.34839e-71
1.34726e-70
4.14917e-70
1.2702e-69
3.86543e-69
1.16938e-68
3.5169e-68
1.05154e-67
3.12582e-67
9.23829e-67
2.71471e-66
7.9318e-66
2.30437e-65
6.65695e-65
1.91231e-64
5.46274e-64
1.55184e-63
4.38412e-63
1.23176e-62
3.44188e-62
9.5653e-62
2.64393e-61
7.26879e-61
1.98768e-60
5.4065e-60
1.46279e-59
3.93691e-59
1.05402e-58
2.80722e-58
7.43782e-58
1.96051e-57
5.14114e-57
1.3413e-56
3.48161e-56
8.99154e-56
2.31045e-55
5.90719e-55
1.50278e-54
3.8041e-54
9.58207e-54
2.40176e-53
5.99062e-53
1.48695e-52
3.67294e-52
9.02888e-52
2.20885e-51
5.37798e-51
1.30318e-50
3.1429e-50
7.54411e-50
1.80237e-49
4.28599e-49
1.01446e-48
2.39005e-48
5.605e-48
1.30843e-47
3.04045e-47
7.03315e-47
1.61955e-46
3.71259e-46
8.47248e-46
1.92487e-45
4.3537e-45
9.8037e-45
2.19788e-44
4.9058e-44
1.09022e-43
2.41227e-43
5.31437e-43
1.16574e-42
2.54614e-42
5.53734e-42
1.19913e-41
2.58576e-41
5.55226e-41
1.18719e-40
2.52784e-40
5.35997e-40
1.13179e-39
2.37996e-39
4.98402e-39
1.03945e-38
2.15897e-38
4.466e-38
9.2008e-38
1.88788e-37
3.85808e-37
7.8528e-37
1.59199e-36
3.21458e-36
6.46524e-36
1.29517e-35
2.5844e-35
5.13675e-35
1.017e-34
2.00567e-34
3.94016e-34
7.71063e-34
1.50312e-33
2.91899e-33
5.64693e-33
1.08827e-32
2.08938e-32
3.99628e-32
7.61481e-32
1.44555e-31
2.73391e-31
5.15133e-31
9.67036e-31
1.80868e-30
3.37039e-30
6.25757e-30
1.15756e-29
2.13353e-29
3.91813e-29
7.16948e-29
1.30717e-28
2.37473e-28
4.29878e-28
7.75401e-28
1.39368e-27
2.49612e-27
4.45485e-27
7.92272e-27
1.40409e-26
2.47969e-26
4.36404e-26
7.65377e-26
1.33771e-25
2.32997e-25
4.04436e-25
6.99623e-25
1.20614e-24
2.07232e-24
3.5485e-24
6.05574e-24
1.02998e-23
1.74597e-23
2.9498e-23
4.96711e-23
8.33631e-23
1.39447e-22
2.32493e-22
3.86354e-22
6.39941e-22
1.05652e-21
1.73861e-21
2.85179e-21
4.66263e-21
7.59881e-21
1.23443e-20
1.99893e-20
3.22658e-20
5.19168e-20
8.32716e-20
1.33142e-19
2.1221e-19
3.37173e-19
5.34049e-19
8.4325e-19
1.32734e-18
2.08287e-18
3.25837e-18
5.08162e-18
7.90081e-18
1.22465e-17
1.89247e-17
2.91559e-17
4.47824e-17
6.85767e-17
1.04698e-16
1.59366e-16
2.41855e-16
3.65948e-16
5.52068e-16
8.30382e-16
1.24532e-15
1.86211e-15
2.77621e-15
4.12696e-15
6.11703e-15
9.04041e-15
1.33222e-14
1.95753e-14
2.86807e-14
4.19009e-14
6.10399e-14
8.86675e-14
1.28434e-13
1.85507e-13
2.67187e-13
3.83747e-13
5.4961e-13
7.84958e-13
1.11796e-12
1.5878e-12
2.24885e-12
3.17631e-12
4.47391e-12
6.2843e-12
8.80311e-12
1.22978e-11
1.71332e-11
2.3805e-11
3.29854e-11
4.5583e-11
6.28226e-11
8.63503e-11
1.18372e-10
1.61838e-10
2.20676e-10
3.00109e-10
4.07059e-10
5.50671e-10
7.42998e-10
9.99878e-10
1.34207e-09
1.79669e-09
2.39909e-09
3.19519e-09
4.24454e-09
5.62407e-09
7.43291e-09
9.79851e-09
1.28842e-08
1.68988e-08
2.21084e-08
2.88513e-08
3.75564e-08
4.8766e-08
6.31637e-08
8.16094e-08
1.05181e-07
1.35227e-07
1.73429e-07
2.21879e-07
2.83171e-07
3.60516e-07
4.57876e-07
5.80124e-07
7.33242e-07
9.24553e-07
1.16299e-06
1.45944e-06
1.82711e-06
2.282e-06
2.84343e-06
3.53466e-06
4.38365e-06
5.4239e-06
6.69541e-06
8.24588e-06
1.0132e-05
1.24209e-05
1.51922e-05
1.85393e-05
2.25726e-05
2.74212e-05
3.32362e-05
4.0194e-05
4.84997e-05
5.83915e-05
7.01449e-05
8.40781e-05
0.000100557
0.000120003
0.000142898
0.00016979
0.000201308
0.000238162
0.00028116
0.000331212
0.000389346
0.000456717
0.000534618
0.000624495
0.000727962
0.00084681
0.000983028
0.00113881
0.00131659
0.00151903
0.00174904
0.00200983
0.00230488
0.00263798
0.00301324
0.00343509
0.00390834
0.00443812
0.00502996
0.00568974
0.00642375
0.00723866
0.00814151
0.00913978
0.0102413
0.0114543
0.0127873
0.0142493
0.0158496
0.0175979
0.0195039
0.0215779
0.0238302
0.0262715
0.0289125
0.031764
0.0348369
0.0381422
0.0416906
0.045493
0.0495598
0.0539015
0.0585279
0.0634489
0.0686735
0.0742105
0.080068
0.0862534
0.0927736
0.0996346
0.106841
0.114399
0.122309
0.130576
0.139199
0.14818
0.157518
0.167209
0.177253
0.187643
0.198374
0.20944
0.220833
0.232543
0.244561
0.256875
0.269473
0.28234
0.295464
0.308828
0.322415
0.33621
0.350193
0.364346
0.37865
0.393085
0.40763
0.422265
0.436968
0.451718
0.466493
0.481271
0.496031
0.510749
0.525406
0.539978
0.554444
0.568783
0.582973
0.596994
0.610827
0.624449
0.637843
0.65099
0.66387
0.676467
0.688762
0.70074
0.712383
0.723678
0.734608
0.74516
0.75532
0.765076
0.774415
0.783325
0.791797
0.799819
0.807381
0.814476
0.821094
0.827227
0.832869
0.838013
0.842652
0.846782
0.850397
0.853493
0.856066
0.858112
0.859629
0.860615
0.861067
0.860984
0.860364
0.859209
0.857516
0.855288
0.852523
0.849225
0.845393
0.841031
0.83614
0.830723
0.824784
0.818325
0.811351
0.803866
0.795874
0.78738
0.77839
0.768909
0.758943
0.748498
0.737581
0.726198
0.714357
0.702065
0.689329
0.676159
0.662561
0.648546
0.63412
0.619294
0.604078
0.588479
0.572509
0.556178
0.539495
0.522471
0.505118
0.487445
0.469465
0.451188
0.432626
0.413791
0.394694
0.375349
0.355766
0.335958
0.315939
0.295719
0.275313
0.254733
0.233992
0.213104
0.19208
0.170936
0.149683
0.128336
0.106908
0.0854124
0.0638628
0.0422728
0.0206562
-0.000973528
-0.0226026
-0.0442174
-0.0658043
-0.0873496
-0.10884
-0.130261
-0.1516
-0.172844
-0.193978
-0.21499
-0.235865
-0.256592
-0.277157
-0.297547
-0.317749
-0.33775
-0.357538
-0.3771
-0.396424
-0.415497
-0.434308
-0.452845
-0.471095
-0.489048
-0.506693
-0.524017
-0.54101
-0.557661
-0.573961
-0.589898
-0.605462
-0.620644
-0.635433
-0.649822
-0.6638
-0.677359
-0.69049
-0.703185
-0.715436
-0.727236
-0.738576
-0.749449
-0.75985
-0.769771
-0.779206
-0.78815
-0.796596
-0.804539
-0.811976
-0.8189
-0.825307
-0.831195
-0.836559
-0.841396
-0.845704
-0.84948
-0.852722
-0.855428
-0.857597
-0.859229
-0.860323
-0.860879
-0.860898
-0.86038
-0.859327
-0.85774
-0.855623
-0.852977
-0.849807
-0.846116
-0.841908
-0.837189
-0.831964
-0.826238
-0.82002
-0.813315
-0.806132
-0.798479
-0.790366
-0.781802
-0.772798
-0.763365
-0.753515
-0.743259
-0.732612
-0.721588
-0.7102
-0.698464
-0.686396
-0.674012
-0.66133
-0.648367
-0.635142
-0.621674
-0.607982
-0.594086
-0.580007
-0.565766
-0.551383
-0.536881
-0.522282
-0.507607
-0.492878
-0.478119
-0.463351
-0.448596
-0.433876
-0.419215
-0.404632
-0.390149
-0.375787
-0.361567
-0.347507
-0.333627
-0.319945
-0.306479
-0.293245
-0.280259
-0.267535
-0.255088
-0.24293
-0.231072
-0.219525
-0.208299
-0.197401
-0.186838
-0.176615
-0.166739
-0.157212
-0.148035
-0.139212
-0.13074
-0.12262
-0.11485
-0.107426
-0.100344
-0.0936005
-0.0871889
-0.0811031
-0.0753361
-0.0698802
-0.0647271
-0.0598682
-0.0552943
-0.0509959
-0.0469631
-0.043186
-0.0396542
-0.0363574
-0.0332852
-0.0304271
-0.0277727
-0.0253117
-0.023034
-0.0209293
-0.018988
-0.0172005
-0.0155573
-0.0140494
-0.012668
-0.0114048
-0.0102516
-0.0092006
-0.00824445
-0.00737608
-0.0065888
-0.00587627
-0.00523252
-0.00465191
-0.00412916
-0.00365933
-0.00323779
-0.00286023
-0.00252266
-0.00222137
-0.00195292
-0.00171415
-0.00150215
-0.00131425
-0.00114799
-0.00100115
-0.000871673
-0.000757713
-0.000657583
-0.000569758
-0.00049286
-0.000425647
-0.000367001
-0.00031592
-0.000271505
-0.000232953
-0.000199549
-0.000170655
-0.000145707
-0.000124202
-0.000105697
-8.98026e-05
-7.61731e-05
-6.45063e-05
-5.45369e-05
-4.60326e-05
-3.87907e-05
-3.26345e-05
-2.74103e-05
-2.29846e-05
-1.92419e-05
-1.60821e-05
-1.34192e-05
-1.11789e-05
-9.29726e-06
-7.71968e-06
-6.39927e-06
-5.296e-06
-4.37576e-06
-3.60949e-06
-2.97253e-06
-2.44396e-06
-2.00609e-06
-1.64397e-06
-1.34501e-06
-1.09862e-06
-8.95895e-07
-7.29384e-07
-5.92849e-07
-4.81085e-07
-3.89754e-07
-3.15245e-07
-2.54564e-07
-2.05229e-07
-1.65185e-07
-1.32737e-07
-1.0649e-07
-8.52936e-08
-6.82053e-08
-5.44518e-08
-4.34012e-08
-3.4537e-08
-2.74386e-08
-2.17638e-08
-1.72347e-08
-1.3626e-08
-1.07555e-08
-8.47597e-09
-6.66878e-09
-5.23843e-09
-4.10823e-09
-3.21668e-09
-2.51455e-09
-1.96252e-09
-1.52921e-09
-1.18966e-09
-9.24018e-10
-7.1654e-10
-5.54758e-10
-4.28816e-10
-3.30935e-10
-2.54987e-10
-1.96156e-10
-1.50657e-10
-1.15527e-10
-8.84475e-11
-6.76076e-11
-5.15958e-11
-3.93135e-11
-2.99075e-11
-2.27158e-11
-1.72261e-11
-1.30424e-11
-9.8592e-12
-7.44111e-12
-5.60723e-12
-4.21864e-12
-3.16892e-12
-2.37666e-12
-1.77966e-12
-1.33054e-12
-9.9319e-13
-7.40213e-13
-5.50808e-13
-4.09225e-13
-3.03561e-13
-2.24828e-13
-1.66255e-13
-1.22751e-13
-9.04889e-14
-6.66024e-14
-4.89451e-14
-3.59132e-14
-2.63102e-14
-1.92451e-14
-1.40554e-14
-1.02494e-14
-7.46237e-15
-5.42483e-15
-3.93755e-15
-2.85362e-15
-2.06489e-15
-1.49187e-15
-1.07621e-15
-7.7517e-16
-5.57482e-16
-4.00313e-16
-2.87015e-16
-2.05468e-16
-1.46866e-16
-1.04818e-16
-7.4695e-17
-5.31477e-17
-3.77587e-17
-2.67849e-17
-1.89716e-17
-1.34172e-17
-9.47457e-18
-6.68039e-18
-4.70314e-18
-3.30612e-18
-2.32058e-18
-1.62637e-18
-1.13812e-18
-7.95253e-19
-5.54844e-19
-3.86532e-19
-2.68874e-19
-1.86752e-19
-1.29518e-19
-8.96908e-20
-6.2018e-20
-4.28195e-20
-2.95202e-20
-2.03213e-20
-1.39681e-20
-9.58699e-21
-6.57026e-21
-4.49615e-21
-3.07225e-21
-2.0962e-21
-1.42813e-21
-9.71542e-22
-6.5996e-22
-4.47646e-22
-3.0319e-22
-2.05049e-22
-1.38473e-22
-9.33764e-23
-6.28744e-23
-4.22744e-23
-2.83822e-23
-1.90276e-23
-1.27376e-23
-8.51454e-24
-5.68335e-24
-3.78806e-24
-2.52116e-24
-1.67554e-24
-1.11195e-24
-7.36858e-25
-4.87593e-25
-3.22185e-25
-2.12583e-25
-1.40064e-25
-9.21514e-26
-6.05416e-26
-3.97177e-26
-2.60191e-26
-1.70207e-26
-1.11185e-26
-7.25258e-27
-4.72412e-27
-3.07277e-27
-1.99583e-27
-1.29449e-27
-8.38413e-28
-5.42253e-28
-3.50212e-28
0

