0
1.04285e-113
2.76518e-111
3.66543e-109
3.23862e-107
2.14578e-105
1.13717e-103
5.02126e-102
1.90012e-100
6.29047e-99
1.85081e-97
4.90014e-96
1.17921e-94
2.60084e-93
5.29421e-92
1.00054e-90
1.76453e-89
2.91691e-88
4.53752e-87
6.66527e-86
9.27394e-85
1.22564e-83
1.54242e-82
1.85253e-81
2.12791e-80
2.342e-79
2.47412e-78
2.51275e-77
2.45708e-76
2.31645e-75
2.10822e-74
1.85446e-73
1.57836e-72
1.30118e-71
1.04001e-70
8.06678e-70
6.07722e-69
4.45047e-68
3.17058e-67
2.19898e-66
1.48577e-65
9.78633e-65
6.28775e-64
3.94309e-63
2.41485e-62
1.44508e-61
8.45408e-61
4.83757e-60
2.70882e-59
1.48499e-58
7.97338e-58
4.1949e-57
2.16339e-56
1.09407e-55
5.42775e-55
2.64246e-54
1.26288e-53
5.92687e-53
2.73234e-52
1.23773e-51
5.51098e-51
2.41249e-50
1.03863e-49
4.39873e-49
1.83308e-48
7.51852e-48
3.03588e-47
1.2071e-46
4.72724e-46
1.82379e-45
6.93326e-45
2.5977e-44
9.5944e-44
3.49389e-43
1.25473e-42
4.44445e-42
1.55309e-41
5.355e-41
1.82216e-40
6.11993e-40
2.02915e-39
6.64293e-39
2.14758e-38
6.85727e-38
2.16286e-37
6.7398e-37
2.07523e-36
6.31463e-36
1.89911e-35
5.64588e-35
1.65939e-34
4.82232e-34
1.38582e-33
3.93873e-33
1.10727e-32
3.07929e-32
8.47222e-32
2.30643e-31
6.2134e-31
1.65657e-30
4.37147e-30
1.1419e-29
2.95292e-29
7.56042e-29
1.91668e-28
4.8118e-28
1.19635e-27
2.94605e-27
7.18613e-27
1.73644e-26
4.15694e-26
9.85987e-26
2.31735e-25
5.39719e-25
1.24577e-24
2.84992e-24
6.46235e-24
1.45258e-23
3.23683e-23
7.15085e-23
1.56634e-22
3.40203e-22
7.32729e-22
1.56506e-21
3.31538e-21
6.96592e-21
1.45176e-20
3.00131e-20
6.15539e-20
1.25244e-19
2.52836e-19
5.06445e-19
1.00661e-18
1.98543e-18
3.88628e-18
7.54967e-18
1.45566e-17
2.78584e-17
5.29223e-17
9.98006e-17
1.86837e-16
3.47257e-16
6.40799e-16
1.17408e-15
2.13599e-15
3.85878e-15
6.92266e-15
1.23336e-14
2.18232e-14
3.83517e-14
6.69434e-14
1.16067e-13
1.99897e-13
3.41997e-13
5.81268e-13
9.81496e-13
1.64656e-12
2.74452e-12
4.54537e-12
7.48012e-12
1.22321e-11
1.98778e-11
3.21015e-11
5.15219e-11
8.21839e-11
1.30295e-10
2.0532e-10
3.21601e-10
5.00728e-10
7.75002e-10
1.19244e-09
1.82399e-09
2.7738e-09
4.19384e-09
6.30449e-09
9.42337e-09
1.40054e-08
2.06985e-08
3.04192e-08
4.4457e-08
6.46148e-08
9.33985e-08
1.3427e-07
1.91985e-07
2.73035e-07
3.86232e-07
5.43467e-07
7.60692e-07
1.05918e-06
1.46715e-06
2.02179e-06
2.77186e-06
3.7809e-06
5.13123e-06
6.92897e-06
9.31e-06
1.24475e-05
1.65607e-05
2.19259e-05
2.8889e-05
3.78808e-05
4.94349e-05
6.42082e-05
8.30055e-05
0.000106806
0.000136797
0.000174407
0.000221345
0.000279649
0.000351731
0.000440429
0.000549069
0.00068152
0.000842264
0.00103646
0.00127
0.00154962
0.00188291
0.00227842
0.00274572
0.00329544
0.00393933
0.00469031
0.00556247
0.00657111
0.00773274
0.00906503
0.0105868
0.012318
0.0142795
0.016493
0.0189813
0.0217673
0.0248748
0.0283276
0.0321496
0.0363645
0.0409954
0.046065
0.0515948
0.057605
0.0641146
0.0711405
0.0786979
0.0867995
0.0954558
0.104674
0.114461
0.124816
0.13574
0.147228
0.159274
0.171867
0.184994
0.198638
0.212782
0.227402
0.242475
0.257974
0.273872
0.290136
0.306736
0.323637
0.340806
0.358208
0.375805
0.393563
0.411444
0.429413
0.447433
0.46547
0.483489
0.501455
0.519337
0.537102
0.554719
0.57216
0.589395
0.606399
0.623145
0.639609
0.655769
0.671602
0.687088
0.702208
0.716943
0.731277
0.745194
0.75868
0.771719
0.784299
0.796409
0.808036
0.819171
0.829803
0.839924
0.849524
0.858597
0.867135
0.875132
0.882581
0.889476
0.895813
0.901588
0.906795
0.911431
0.915493
0.918978
0.921883
0.924207
0.925948
0.927104
0.927676
0.927661
0.927061
0.925876
0.924106
0.921753
0.918817
0.915301
0.911207
0.906538
0.901296
0.895484
0.889107
0.882169
0.874673
0.866625
0.85803
0.848892
0.839219
0.829015
0.818288
0.807044
0.79529
0.783034
0.770283
0.757046
0.74333
0.729145
0.7145
0.699403
0.683864
0.667894
0.651501
0.634698
0.617493
0.599898
0.581924
0.563583
0.544886
0.525845
0.506471
0.486778
0.466777
0.446481
0.425904
0.405057
0.383954
0.362609
0.341035
0.319246
0.297255
0.275076
0.252723
0.230211
0.207553
0.184764
0.161859
0.138851
0.115756
0.0925873
0.0693603
0.0460895
0.0227896
-0.000524679
-0.0238386
-0.0471376
-0.0704067
-0.0936314
-0.116797
-0.139889
-0.162892
-0.185793
-0.208576
-0.231227
-0.253733
-0.276078
-0.298248
-0.320231
-0.342011
-0.363575
-0.384909
-0.406001
-0.426836
-0.447401
-0.467683
-0.487671
-0.50735
-0.526709
-0.545735
-0.564416
-0.582741
-0.600698
-0.618276
-0.635463
-0.652248
-0.668622
-0.684573
-0.700092
-0.715169
-0.729794
-0.743958
-0.757652
-0.770867
-0.783596
-0.79583
-0.807561
-0.818782
-0.829486
-0.839665
-0.849315
-0.858428
-0.866999
-0.875022
-0.882493
-0.889406
-0.895758
-0.901543
-0.90676
-0.911403
-0.915471
-0.918961
-0.92187
-0.924197
-0.92594
-0.927099
-0.927672
-0.927659
-0.92706
-0.925876
-0.924107
-0.921755
-0.918821
-0.915307
-0.911216
-0.90655
-0.901312
-0.895506
-0.889136
-0.882207
-0.874723
-0.866689
-0.858113
-0.848999
-0.839355
-0.829189
-0.818509
-0.807323
-0.795642
-0.783474
-0.770832
-0.757727
-0.744172
-0.730182
-0.71577
-0.700952
-0.685747
-0.670172
-0.654247
-0.637993
-0.621432
-0.604588
-0.587487
-0.570154
-0.552619
-0.53491
-0.517058
-0.499096
-0.481056
-0.462974
-0.444885
-0.426824
-0.408829
-0.390937
-0.373185
-0.35561
-0.33825
-0.321141
-0.304318
-0.287816
-0.271668
-0.255905
-0.240557
-0.225651
-0.211212
-0.197262
-0.183821
-0.170906
-0.15853
-0.146704
-0.135436
-0.12473
-0.114587
-0.105007
-0.0959847
-0.0875132
-0.0795829
-0.0721818
-0.0652958
-0.0589089
-0.0530032
-0.0475598
-0.0425581
-0.0379769
-0.0337943
-0.0299877
-0.0265345
-0.023412
-0.0205976
-0.0180692
-0.0158052
-0.0137844
-0.0119868
-0.0103929
-0.0089842
-0.00774338
-0.00665401
-0.00570077
-0.00486942
-0.00414676
-0.00352067
-0.00298004
-0.00251477
-0.00211567
-0.00177448
-0.00148376
-0.00123687
-0.00102789
-0.000851597
-0.000703368
-0.00057915
-0.000475399
-0.000389029
-0.000317368
-0.000258106
-0.000209262
-0.000169135
-0.00013628
-0.000109467
-8.76577e-05
-6.9976e-05
-5.5688e-05
-4.41802e-05
-3.4942e-05
-2.755e-05
-2.16547e-05
-1.69682e-05
-1.32549e-05
-1.03223e-05
-8.01371e-06
-6.20225e-06
-4.78548e-06
-3.68098e-06
-2.82269e-06
-2.15788e-06
-1.64458e-06
-1.24954e-06
-9.46484e-07
-7.14737e-07
-5.38083e-07
-4.03855e-07
-3.02187e-07
-2.25425e-07
-1.67651e-07
-1.24306e-07
-9.18873e-08
-6.77179e-08
-4.9755e-08
-3.64466e-08
-2.66175e-08
-1.93806e-08
-1.40689e-08
-1.01824e-08
-7.34741e-09
-5.2859e-09
-3.79145e-09
-2.71141e-09
-1.93326e-09
-1.37434e-09
-9.74109e-10
-6.88388e-10
-4.85035e-10
-3.40746e-10
-2.38675e-10
-1.66688e-10
-1.16071e-10
-8.05883e-11
-5.57888e-11
-3.85082e-11
-2.65028e-11
-1.81872e-11
-1.24445e-11
-8.49041e-12
-5.77594e-12
-3.91797e-12
-2.65001e-12
-1.78724e-12
-1.2019e-12
-8.05954e-13
-5.389e-13
-3.59306e-13
-2.38882e-13
-1.58367e-13
-1.04692e-13
-6.90129e-14
-4.53647e-14
-2.97358e-14
-1.94364e-14
-1.26687e-14
-8.23433e-15
-5.33712e-15
-3.44962e-15
-2.22343e-15
-1.42911e-15
-9.16013e-16
-5.85507e-16
-3.73215e-16
-2.37239e-16
-1.50389e-16
-9.50714e-17
-5.99364e-17
-3.76826e-17
-2.36267e-17
-1.47734e-17
-9.21237e-18
-5.72905e-18
-3.55316e-18
-2.19771e-18
-1.35566e-18
-8.3399e-19
-5.11683e-19
-3.13093e-19
-1.91065e-19
-1.16286e-19
-7.0585e-20
-4.27306e-20
-2.57995e-20
-1.55356e-20
-9.33031e-21
-5.58874e-21
-3.33877e-21
-1.98936e-21
-1.18222e-21
-7.00721e-22
-4.14241e-22
-2.44246e-22
-1.43637e-22
-8.42513e-23
-4.92899e-23
-2.87615e-23
-1.67395e-23
-9.71744e-24
-5.62653e-24
-3.24947e-24
-1.87184e-24
-1.0755e-24
-6.16374e-25
-3.52345e-25
-2.00902e-25
-1.14261e-25
-6.48198e-26
-3.6679e-26
-2.07028e-26
-1.16559e-26
-6.54589e-27
-3.6669e-27
-2.04899e-27
-1.14207e-27
-6.34983e-28
-3.52166e-28
-1.94828e-28
-1.07517e-28
-5.91866e-29
-3.25009e-29
-1.78031e-29
-9.72801e-30
-5.30254e-30
-2.88321e-30
-1.56388e-30
-8.46193e-31
-4.56745e-31
-2.45935e-31
-1.32102e-31
-7.07851e-32
-3.78375e-32
-2.01768e-32
-1.07333e-32
-5.69598e-33
-3.01549e-33
-1.59259e-33
-8.39089e-34
-4.41036e-34
-2.31261e-34
-1.20975e-34
-6.31328e-35
-3.28687e-35
-1.70719e-35
-8.8461e-36
-4.57295e-36
-2.3584e-36
-1.21343e-36
-6.22865e-37
-3.18973e-37
-1.62966e-37
-8.30664e-38
-4.22417e-38
-2.14312e-38
-1.08478e-38
-5.47809e-39
-2.76001e-39
-1.38736e-39
-6.95771e-40
-3.48131e-40
-1.73788e-40
-8.65569e-41
-4.30119e-41
-2.13246e-41
-1.05483e-41
-5.2059e-42
-2.56342e-42
-1.25938e-42
-6.17323e-43
-3.01914e-43
-1.47324e-43
-7.17274e-44
-3.48432e-44
-1.68879e-44
-8.16695e-45
-3.94068e-45
-1.89719e-45
-9.11345e-46
-4.36804e-46
-2.08894e-46
-9.9678e-47
-4.74582e-47
-2.25456e-47
-1.0687e-47
-5.05462e-48
-2.38543e-48
-1.12329e-48
-5.27793e-49
-2.47448e-49
-1.15759e-49
-5.40355e-50
-2.51685e-50
-1.16974e-50
-5.42475e-51
-2.51031e-51
-1.15914e-51
-5.3408e-52
-2.4555e-52
-1.12652e-52
-5.15707e-53
-2.35579e-53
-1.07384e-53
-4.8844e-54
-2.21695e-54
-1.0041e-54
-4.53807e-55
-2.04665e-55
-9.21074e-56
-4.13643e-56
-1.85369e-56
-8.2896e-57
-3.69925e-57
-1.64733e-57
-7.32038e-58
-3.24621e-58
-1.43651e-58
-6.34358e-59
-2.79546e-59
-1.22932e-59
-5.39481e-60
-2.36256e-60
-1.0325e-60
-4.50294e-61
-1.95977e-61
-8.51173e-62
-3.68922e-62
-1.59573e-62
-6.88795e-63
-2.96708e-63
-1.2755e-63
-5.47196e-64
-2.34271e-64
-1.00094e-64
-4.26791e-65
-1.8161e-65
-7.71225e-66
-3.26846e-66
-1.38238e-66
-5.8349e-67
-2.4579e-67
-1.03329e-67
-4.33515e-68
-1.81516e-68
-7.585e-69
-3.1632e-69
-1.31653e-69
-5.4685e-70
-2.26694e-70
-9.37881e-71
-3.87252e-71
-1.5958e-71
-6.56298e-72
-2.69381e-72
-1.1035e-72
-4.51155e-73
-1.84087e-73
-7.49662e-74
-3.04688e-74
-1.23593e-74
-5.00363e-75
-2.02175e-75
-8.15305e-76
-3.28147e-76
-1.31817e-76
-5.28482e-77
-2.11469e-77
-8.44546e-78
-3.36635e-78
-1.33923e-78
-5.31761e-79
-2.10736e-79
-8.33543e-80
-3.29066e-80
-1.2966e-80
-5.09912e-81
-2.0015e-81
-7.84129e-82
-3.06613e-82
-1.19665e-82
-4.66143e-83
-1.81237e-83
-7.03315e-84
-2.72415e-84
-1.05316e-84
-4.06382e-85
-1.56515e-85
-6.01676e-86
-2.30862e-86
-8.8415e-87
-3.37976e-87
-1.28954e-87
-4.911e-88
-1.86679e-88
-7.08291e-89
-2.68237e-89
-1.01396e-89
-3.82573e-90
-1.4408e-90
-5.41615e-91
-2.03223e-91
-7.61124e-92
-2.84536e-92
-1.06174e-92
-3.95459e-93
-1.47024e-93
-5.45605e-94
-2.02103e-94
-7.47264e-95
-2.75792e-95
-1.01601e-95
-3.73615e-96
-1.37139e-96
-5.02467e-97
-1.83767e-97
-6.70872e-98
-2.44471e-98
-8.89264e-99
-3.22887e-99
-1.17027e-99
-4.23393e-100
-1.52904e-100
-5.51209e-101
-1.98351e-101
-7.12486e-102
-2.55471e-102
-9.14389e-103
-3.26698e-103
-1.16517e-103
-4.1482e-104
-1.47421e-104
-5.22984e-105
-1.85203e-105
-6.54698e-106
-2.31029e-106
-8.13813e-107
-2.86166e-107
-1.0045e-107
-3.51977e-108
-1.23117e-108
-4.29894e-109
-1.49846e-109
-5.21396e-110
-1.81106e-110
-6.27973e-111
-2.17366e-111
-7.51084e-112
-2.59078e-112
-8.92109e-113
-3.06657e-113
-1.05229e-113
-3.60471e-114
-1.23269e-114
-4.20813e-115
-1.43409e-115
-4.87883e-116
-1.65695e-116
-5.6177e-117
-1.90135e-117
-6.42428e-118
-2.16692e-118
-7.29661e-119
-2.45278e-119
-8.23107e-120
-2.7575e-120
-9.22225e-121
-3.07908e-121
-1.02629e-121
-3.41494e-122
-1.13439e-122
-3.76191e-123
-1.24544e-123
-4.11628e-124
-1.35818e-124
-4.47382e-125
-1.4712e-125
-4.82988e-126
-1.58298e-126
-5.17948e-127
-1.69189e-127
-5.5174e-128
-1.79627e-128
-5.83832e-129
-1.89444e-129
-6.13698e-130
-1.98475e-130
-6.40826e-131
-2.06564e-131
-6.64739e-132
-2.13566e-132
-6.85008e-133
-2.19354e-133
-7.01261e-134
-2.23821e-134
-7.13197e-135
-2.26886e-135
-7.20598e-136
-2.28491e-136
-7.23328e-137
-2.28609e-137
-7.21346e-138
-2.27241e-138
-7.14702e-139
-2.24418e-139
-7.03534e-140
-2.20196e-140
-6.88067e-141
-2.1466e-141
-6.68603e-142
-2.07915e-142
-6.45512e-143
-2.00089e-143
-6.19221e-144
-1.91324e-144
-5.90197e-145
-1.81773e-145
-5.58942e-146
-1.71597e-146
-5.25968e-147
-1.60959e-147
-4.91792e-148
-1.50022e-148
-4.5692e-149
-1.38943e-149
-4.21834e-150
-1.27867e-150
-3.86981e-151
-1.16932e-151
-3.52771e-152
-1.06259e-152
-3.19563e-153
-9.5954e-154
-2.87665e-154
-8.6105e-155
-2.57329e-155
-7.67838e-156
-2.28755e-156
0

