0
4.55537e-225
2.40643e-222
6.35555e-220
1.11893e-217
1.47731e-215
1.56024e-213
1.37306e-211
1.03562e-209
6.83411e-208
4.00839e-206
2.11573e-204
1.01512e-202
4.46423e-201
1.81206e-199
6.8293e-198
2.40201e-196
7.91965e-195
2.45736e-193
7.20057e-192
1.99869e-190
5.26995e-189
1.32324e-187
3.17123e-186
7.26895e-185
1.59659e-183
3.36624e-182
6.82378e-181
1.33191e-179
2.50663e-178
4.55434e-177
7.9983e-176
1.35922e-174
2.23746e-173
3.57121e-172
5.53187e-171
8.32338e-170
1.21746e-168
1.73248e-167
2.40027e-166
3.23991e-165
4.26355e-164
5.47325e-163
6.85826e-162
8.39314e-161
1.00372e-159
1.17354e-158
1.34215e-157
1.50219e-156
1.64613e-155
1.76689e-154
1.85841e-153
1.91617e-152
1.93756e-151
1.92204e-150
1.87117e-149
1.78837e-148
1.67855e-147
1.5477e-146
1.40232e-145
1.24894e-144
1.0937e-143
9.41974e-143
7.98137e-142
6.65469e-141
5.46134e-140
4.41264e-139
3.51097e-138
2.75161e-137
2.12458e-136
1.61651e-135
1.21227e-134
8.96224e-134
6.53315e-133
4.69676e-132
3.33064e-131
2.33017e-130
1.60863e-129
1.09599e-128
7.37083e-128
4.89389e-127
3.20841e-126
2.07727e-125
1.32839e-124
8.39185e-124
5.2378e-123
3.23043e-122
1.96904e-121
1.18629e-120
7.06515e-120
4.16014e-119
2.42216e-118
1.39463e-117
7.94202e-117
4.47372e-116
2.49301e-115
1.3745e-114
7.49855e-114
4.04829e-113
2.16308e-112
1.144e-111
5.98932e-111
3.10433e-110
1.59309e-109
8.0954e-109
4.07382e-108
2.03035e-107
1.00227e-106
4.90095e-106
2.3741e-105
1.1394e-104
5.41814e-104
2.55302e-103
1.19214e-102
5.51694e-102
2.5305e-101
1.15049e-100
5.18514e-100
2.31671e-99
1.02624e-98
4.50739e-98
1.96303e-97
8.47788e-97
3.63107e-96
1.54241e-95
6.49843e-95
2.71576e-94
1.12584e-93
4.6301e-93
1.88912e-92
7.64736e-92
3.07165e-91
1.22424e-90
4.84195e-90
1.90046e-89
7.40299e-89
2.86212e-88
1.09831e-87
4.18356e-87
1.58186e-86
5.9377e-86
2.21267e-85
8.18629e-85
3.00712e-84
1.0968e-83
3.97231e-83
1.42861e-82
5.10227e-82
1.80972e-81
6.37495e-81
2.23039e-80
7.75072e-80
2.67535e-79
9.17309e-79
3.12439e-78
1.05718e-77
3.55373e-77
1.18683e-76
3.93807e-76
1.29832e-75
4.25309e-75
1.38442e-74
4.47803e-74
1.4394e-73
4.59795e-73
1.45967e-72
4.60543e-72
1.44419e-71
4.50125e-71
1.39448e-70
4.29415e-70
1.31445e-69
3.99969e-69
1.20988e-68
3.63832e-68
1.08773e-67
3.23308e-67
9.55436e-67
2.8073e-66
8.20151e-66
2.38248e-65
6.88192e-65
1.97673e-64
5.64621e-64
1.6038e-63
4.53045e-63
1.27275e-62
3.55604e-62
9.88158e-62
2.73108e-61
7.50762e-61
2.05278e-60
5.58301e-60
1.51039e-59
4.06462e-59
1.08811e-58
2.8977e-58
7.67677e-58
2.02329e-57
5.30523e-57
1.38397e-56
3.59202e-56
9.27572e-56
2.38324e-55
6.09266e-55
1.54981e-54
3.92274e-54
9.87993e-54
2.47617e-53
6.17559e-53
1.53271e-52
3.78559e-52
9.30484e-52
2.27613e-51
5.54124e-51
1.34261e-50
3.23766e-50
7.77077e-50
1.85634e-49
4.41386e-49
1.04462e-48
2.46086e-48
5.77048e-48
1.34692e-47
3.12959e-47
7.2386e-47
1.66669e-46
3.82027e-46
8.71734e-46
1.9803e-45
4.47862e-45
1.0084e-44
2.26049e-44
5.04502e-44
1.12105e-43
2.48022e-43
5.46353e-43
1.19834e-42
2.61707e-42
5.69104e-42
1.23229e-41
2.65699e-41
5.70464e-41
1.21965e-40
2.59669e-40
5.5054e-40
1.16238e-39
2.44404e-39
5.1177e-39
1.06722e-38
2.21643e-38
4.5844e-38
9.44377e-38
1.93754e-37
3.95916e-37
8.05773e-37
1.63337e-36
3.2978e-36
6.63195e-36
1.32844e-35
2.65051e-35
5.26761e-35
1.0428e-34
2.05634e-34
4.03931e-34
7.90386e-34
1.54064e-33
2.99154e-33
5.78669e-33
1.1151e-32
2.14066e-32
4.09394e-32
7.80011e-32
1.48058e-31
2.79988e-31
5.27509e-31
9.90169e-31
1.85176e-30
3.45032e-30
6.40532e-30
1.18477e-29
2.18347e-29
4.00943e-29
7.3358e-29
1.33736e-28
2.42933e-28
4.39717e-28
7.93068e-28
1.4253e-27
2.55248e-27
4.55498e-27
8.09997e-27
1.43535e-26
2.53465e-26
4.46033e-26
7.82184e-26
1.36694e-25
2.38066e-25
4.13192e-25
7.14698e-25
1.23201e-24
2.11654e-24
3.62386e-24
6.18373e-24
1.05165e-23
1.78251e-23
3.01124e-23
5.07005e-23
8.50822e-23
1.42308e-22
2.3724e-22
3.94203e-22
6.52875e-22
1.07776e-21
1.77339e-21
2.90855e-21
4.75495e-21
7.74848e-21
1.25862e-20
2.03789e-20
3.28914e-20
5.29181e-20
8.48692e-20
1.35682e-19
2.16237e-19
3.43538e-19
5.44076e-19
8.58996e-19
1.35199e-18
2.12134e-18
3.31821e-18
5.17443e-18
8.0443e-18
1.24677e-17
1.92646e-17
2.96765e-17
4.55774e-17
6.97871e-17
1.06535e-16
1.62147e-16
2.46051e-16
3.72259e-16
5.61531e-16
8.44533e-16
1.26641e-15
1.89346e-15
2.82267e-15
4.19561e-15
6.21816e-15
9.18895e-15
1.35397e-14
1.9893e-14
2.91432e-14
4.25724e-14
6.20119e-14
9.00704e-14
1.30453e-13
1.88405e-13
2.71334e-13
3.89664e-13
5.58028e-13
7.96902e-13
1.13486e-12
1.61164e-12
2.28238e-12
3.22336e-12
4.53972e-12
6.37612e-12
8.93085e-12
1.2475e-11
1.73783e-11
2.41432e-11
3.34507e-11
4.62215e-11
6.36963e-11
8.75426e-11
1.19995e-10
1.6404e-10
2.23657e-10
3.04133e-10
4.12476e-10
5.57945e-10
7.52738e-10
1.01289e-09
1.35939e-09
1.8197e-09
2.42958e-09
3.23549e-09
4.29765e-09
5.69388e-09
7.52444e-09
9.9182e-09
1.30403e-08
1.71019e-08
2.23719e-08
2.91923e-08
3.79966e-08
4.93328e-08
6.38917e-08
8.25419e-08
1.06373e-07
1.36746e-07
1.7536e-07
2.24327e-07
2.86268e-07
3.64424e-07
4.62794e-07
5.86299e-07
7.40976e-07
9.34215e-07
1.17503e-06
1.47441e-06
1.84568e-06
2.30497e-06
2.87177e-06
3.56955e-06
4.4265e-06
5.47639e-06
6.75957e-06
8.32411e-06
1.02271e-05
1.25364e-05
1.53319e-05
1.87081e-05
2.2776e-05
2.76657e-05
3.35294e-05
4.05447e-05
4.89184e-05
5.889e-05
7.07372e-05
8.47803e-05
0.000101388
0.000120983
0.000144051
0.000171145
0.000202895
0.000240018
0.000283325
0.000333732
0.000392273
0.000460109
0.000538539
0.000629019
0.000733169
0.000852791
0.000989883
0.00114665
0.00132554
0.00152921
0.00176061
0.00202295
0.00231972
0.00265473
0.0030321
0.0034563
0.00393213
0.00446475
0.00505971
0.0057229
0.00646064
0.0072796
0.00818688
0.00918993
0.0102966
0.0115152
0.0128542
0.0143227
0.01593
0.0176856
0.0195996
0.021682
0.0239433
0.0263941
0.029045
0.0319071
0.0349911
0.038308
0.0418687
0.0456838
0.0497638
0.0541193
0.05876
0.0636957
0.0689355
0.0744881
0.0803616
0.0865635
0.0931005
0.0999785
0.107203
0.114777
0.122706
0.13099
0.139631
0.14863
0.157985
0.167695
0.177756
0.188163
0.198912
0.209994
0.221403
0.23313
0.245163
0.257492
0.270103
0.282985
0.296121
0.309496
0.323095
0.3369
0.350892
0.365054
0.379366
0.393807
0.408358
0.422997
0.437703
0.452455
0.467232
0.48201
0.496768
0.511485
0.526138
0.540706
0.555167
0.569499
0.583682
0.597695
0.611518
0.62513
0.638513
0.651647
0.664514
0.677096
0.689376
0.701338
0.712965
0.724242
0.735154
0.745687
0.755827
0.765563
0.774881
0.78377
0.792219
0.800218
0.807758
0.814829
0.821423
0.827532
0.83315
0.838269
0.842883
0.846987
0.850576
0.853646
0.856193
0.858213
0.859704
0.860663
0.861088
0.860978
0.860332
0.85915
0.85743
0.855175
0.852384
0.849059
0.8452
0.840811
0.835894
0.830451
0.824485
0.818001
0.811001
0.80349
0.795473
0.786954
0.777939
0.768434
0.758444
0.747975
0.737034
0.725628
0.713764
0.701449
0.688691
0.675499
0.66188
0.647844
0.633398
0.618552
0.603316
0.587698
0.57171
0.55536
0.53866
0.521619
0.504249
0.486561
0.468565
0.450273
0.431697
0.412848
0.393739
0.374381
0.354786
0.334967
0.314937
0.294708
0.274292
0.253704
0.232955
0.212059
0.191029
0.169878
0.14862
0.127269
0.105836
0.0843374
0.0627852
0.0411932
0.0195753
-0.00205504
-0.0236841
-0.0452981
-0.0668836
-0.0884268
-0.109914
-0.131332
-0.152667
-0.173906
-0.195034
-0.21604
-0.236909
-0.257628
-0.278185
-0.298566
-0.318758
-0.33875
-0.358527
-0.378077
-0.397389
-0.41645
-0.435248
-0.453771
-0.472007
-0.489945
-0.507574
-0.524882
-0.541859
-0.558493
-0.574775
-0.590693
-0.606239
-0.621402
-0.636172
-0.65054
-0.664498
-0.678036
-0.691146
-0.703819
-0.716048
-0.727824
-0.739142
-0.749992
-0.760369
-0.770266
-0.779677
-0.788596
-0.797017
-0.804935
-0.812346
-0.819244
-0.825626
-0.831488
-0.836826
-0.841637
-0.845918
-0.849667
-0.852882
-0.855562
-0.857705
-0.85931
-0.860377
-0.860906
-0.860897
-0.860353
-0.859273
-0.85766
-0.855516
-0.852844
-0.849647
-0.84593
-0.841697
-0.836952
-0.831701
-0.825951
-0.819707
-0.812978
-0.805771
-0.798095
-0.789959
-0.781373
-0.772347
-0.762892
-0.753021
-0.742746
-0.732079
-0.721036
-0.70963
-0.697876
-0.685791
-0.673392
-0.660695
-0.647718
-0.63448
-0.621
-0.607297
-0.593391
-0.579303
-0.565053
-0.550664
-0.536156
-0.521552
-0.506873
-0.492142
-0.477381
-0.462612
-0.447858
-0.433141
-0.418482
-0.403903
-0.389425
-0.375069
-0.360856
-0.346804
-0.332933
-0.319262
-0.305806
-0.292584
-0.27961
-0.2669
-0.254466
-0.242323
-0.23048
-0.218949
-0.207738
-0.196856
-0.18631
-0.176105
-0.166246
-0.156736
-0.147577
-0.138771
-0.130317
-0.122215
-0.114462
-0.107055
-0.0999911
-0.0932642
-0.0868692
-0.0807997
-0.0750486
-0.0696082
-0.0644702
-0.059626
-0.0550663
-0.0507817
-0.0467622
-0.0429978
-0.0394782
-0.0361931
-0.0331321
-0.0302847
-0.0276405
-0.0251892
-0.0229205
-0.0208245
-0.0188914
-0.0171115
-0.0154755
-0.0139743
-0.0125993
-0.011342
-0.0101942
-0.00914831
-0.00819688
-0.00733288
-0.00654964
-0.00584083
-0.0052005
-0.00462304
-0.00410317
-0.00363597
-0.00321683
-0.00284146
-0.00250588
-0.00220639
-0.00193958
-0.00170228
-0.00149162
-0.00130491
-0.00113973
-0.000993854
-0.000865243
-0.000752054
-0.000652611
-0.000565398
-0.000489043
-0.000422311
-0.00036409
-0.000313385
-0.000269301
-0.00023104
-0.000197891
-0.000169222
-0.000144469
-0.000123135
-0.00010478
-8.90144e-05
-7.54973e-05
-6.39279e-05
-5.40426e-05
-4.5611e-05
-3.84318e-05
-3.23294e-05
-2.71514e-05
-2.27653e-05
-1.90564e-05
-1.59256e-05
-1.32873e-05
-1.10679e-05
-9.20407e-06
-7.64155e-06
-6.33388e-06
-5.24138e-06
-4.3302e-06
-3.57156e-06
-2.941e-06
-2.4178e-06
-1.98442e-06
-1.62605e-06
-1.33022e-06
-1.08643e-06
-8.85867e-07
-7.21148e-07
-5.86097e-07
-4.75559e-07
-3.85238e-07
-3.11561e-07
-2.51565e-07
-2.0279e-07
-1.63205e-07
-1.31134e-07
-1.05193e-07
-8.42463e-08
-6.7361e-08
-5.37724e-08
-4.28553e-08
-3.40992e-08
-2.7088e-08
-2.14836e-08
-1.70111e-08
-1.34479e-08
-1.06138e-08
-8.36345e-09
-6.57958e-09
-5.16784e-09
-4.05246e-09
-3.17269e-09
-2.47991e-09
-1.93529e-09
-1.50784e-09
-1.17291e-09
-9.10918e-10
-7.0631e-10
-5.46782e-10
-4.22607e-10
-3.2611e-10
-2.51244e-10
-1.93256e-10
-1.48415e-10
-1.13796e-10
-8.71134e-11
-6.6581e-11
-5.08071e-11
-3.87086e-11
-2.94443e-11
-2.23617e-11
-1.69558e-11
-1.28365e-11
-9.7025e-12
-7.32209e-12
-5.51697e-12
-4.15031e-12
-3.11727e-12
-2.33768e-12
-1.7503e-12
-1.30844e-12
-9.76598e-13
-7.27772e-13
-5.41494e-13
-4.02264e-13
-2.98366e-13
-2.20957e-13
-1.63376e-13
-1.20613e-13
-8.89034e-14
-6.54287e-14
-4.80776e-14
-3.5273e-14
-2.58385e-14
-1.88981e-14
-1.38006e-14
-1.00624e-14
-7.32552e-15
-5.3248e-15
-3.86453e-15
-2.80041e-15
-2.02618e-15
-1.46375e-15
-1.05581e-15
-7.604e-16
-5.46802e-16
-3.92603e-16
-2.81458e-16
-2.01469e-16
-1.43993e-16
-1.02757e-16
-7.32181e-17
-5.20913e-17
-3.70043e-17
-2.6247e-17
-1.85887e-17
-1.3145e-17
-9.28139e-18
-6.5435e-18
-4.60628e-18
-3.23769e-18
-2.27231e-18
-1.59237e-18
-1.11421e-18
-7.78466e-19
-5.43074e-19
-3.78293e-19
-2.63116e-19
-1.82732e-19
-1.26717e-19
-8.7742e-20
-6.06641e-20
-4.18803e-20
-2.88696e-20
-1.98714e-20
-1.36574e-20
-9.37276e-21
-6.42276e-21
-4.39475e-21
-3.00265e-21
-2.04849e-21
-1.39548e-21
-9.49229e-22
-6.44735e-22
-4.37273e-22
-2.96133e-22
-2.00256e-22
-1.35221e-22
-9.11741e-23
-6.1385e-23
-4.12685e-23
-2.7704e-23
-1.85709e-23
-1.24306e-23
-8.30843e-24
-5.54518e-24
-3.69558e-24
-2.45935e-24
-1.63429e-24
-1.08445e-24
-7.18563e-25
-4.75437e-25
-3.14119e-25
-2.07239e-25
-1.36529e-25
-8.98158e-26
-5.90009e-26
-3.87027e-26
-2.53515e-26
-1.65823e-26
-1.08309e-26
-7.06425e-27
-4.60095e-27
-2.99234e-27
-1.94338e-27
-1.26034e-27
-8.16207e-28
-5.27834e-28
-3.40863e-28
-2.19811e-28

