0
1.09773e-113
2.91014e-111
3.85681e-109
3.40705e-107
2.25692e-105
1.19583e-103
5.27924e-102
1.99734e-100
6.61104e-99
1.94474e-97
5.14781e-96
1.23857e-94
2.73121e-93
5.55848e-92
1.05027e-90
1.85187e-89
3.06069e-88
4.76022e-87
6.99102e-86
9.72525e-85
1.28503e-83
1.61683e-82
1.94152e-81
2.22969e-80
2.45353e-79
2.59142e-78
2.63136e-77
2.57255e-76
2.42483e-75
2.20642e-74
1.94045e-73
1.65122e-72
1.36098e-71
1.08758e-70
8.4341e-70
6.35268e-69
4.65127e-68
3.31297e-67
2.29727e-66
1.55188e-65
1.02197e-64
6.5649e-64
4.11607e-63
2.52029e-62
1.50787e-61
8.81967e-61
5.04576e-60
2.82483e-59
1.54828e-58
8.31155e-58
4.37194e-57
2.25424e-56
1.13979e-55
5.65343e-55
2.75178e-54
1.31487e-53
6.1696e-53
2.84368e-52
1.28791e-51
5.73324e-51
2.50929e-50
1.08009e-49
4.5734e-49
1.90549e-48
7.81394e-48
3.15454e-47
1.25403e-46
4.91004e-46
1.89394e-45
7.19849e-45
2.69654e-44
9.95744e-44
3.62538e-43
1.30168e-42
4.60986e-42
1.61057e-41
5.55208e-41
1.88884e-40
6.34262e-40
2.10257e-39
6.88189e-39
2.22439e-38
7.1011e-38
2.23932e-37
6.97666e-37
2.14773e-36
6.53394e-36
1.96468e-35
5.83963e-35
1.71599e-34
4.98581e-34
1.43252e-33
4.07064e-33
1.14412e-32
3.18115e-32
8.7507e-32
2.38177e-31
6.41507e-31
1.70999e-30
4.51155e-30
1.17825e-29
3.04632e-29
7.798e-29
1.97652e-28
4.96103e-28
1.2332e-27
3.0362e-27
7.40455e-27
1.78886e-26
4.28157e-26
1.01535e-25
2.38587e-25
5.55568e-25
1.28209e-24
2.93244e-24
6.64813e-24
1.49405e-23
3.32856e-23
7.35203e-23
1.61009e-22
3.49635e-22
7.52892e-22
1.60781e-21
3.40526e-21
7.15332e-21
1.49052e-20
3.08083e-20
6.31721e-20
1.28511e-19
2.5938e-19
5.19449e-19
1.03225e-18
2.03559e-18
3.98369e-18
7.73735e-18
1.49155e-17
2.85396e-17
5.42056e-17
1.022e-16
1.91292e-16
3.55466e-16
6.55817e-16
1.20135e-15
2.18518e-15
3.94686e-15
7.07928e-15
1.26101e-14
2.23081e-14
3.91961e-14
6.84037e-14
1.18575e-13
2.04177e-13
3.4925e-13
5.93479e-13
1.00192e-12
1.68049e-12
2.80052e-12
4.63721e-12
7.62975e-12
1.24743e-11
2.02674e-11
3.27243e-11
5.25113e-11
8.37456e-11
1.32745e-10
2.0914e-10
3.2752e-10
5.09844e-10
7.88957e-10
1.21368e-09
1.85611e-09
2.82209e-09
4.26603e-09
6.41177e-09
9.58187e-09
1.42383e-08
2.10385e-08
3.09129e-08
4.51698e-08
6.56382e-08
9.48596e-08
1.36344e-07
1.94913e-07
2.77146e-07
3.91973e-07
5.5144e-07
7.71705e-07
1.07431e-06
1.48783e-06
2.0499e-06
2.80986e-06
3.832e-06
5.19962e-06
7.01998e-06
9.43053e-06
1.26063e-05
1.67688e-05
2.21973e-05
2.92412e-05
3.83355e-05
5.0019e-05
6.49551e-05
8.39555e-05
0.000108009
0.000138312
0.000176306
0.000223715
0.000282593
0.000355369
0.000444906
0.000554551
0.000688203
0.000850372
0.00104625
0.00128178
0.00156372
0.00189971
0.00229835
0.00276927
0.00332313
0.00397176
0.00472813
0.00560638
0.00662189
0.00779121
0.00913208
0.0106634
0.0124051
0.0143781
0.0166043
0.0191064
0.0219074
0.025031
0.0285011
0.0323416
0.0365762
0.041228
0.0463196
0.0518724
0.0579067
0.0644413
0.0714931
0.0790771
0.0872059
0.09589
0.105137
0.114951
0.125335
0.136288
0.147804
0.159878
0.172498
0.185652
0.199322
0.21349
0.228134
0.24323
0.25875
0.274667
0.29095
0.307567
0.324483
0.341666
0.359078
0.376685
0.394451
0.412338
0.430311
0.448334
0.466372
0.48439
0.502353
0.520231
0.53799
0.5556
0.573031
0.590257
0.607249
0.623982
0.640432
0.656576
0.672393
0.687861
0.702963
0.717679
0.731993
0.745889
0.759353
0.77237
0.784927
0.797013
0.808616
0.819726
0.830333
0.840428
0.850003
0.85905
0.867561
0.87553
0.882952
0.88982
0.896129
0.901875
0.907054
0.911661
0.915694
0.91915
0.922027
0.924322
0.926033
0.927161
0.927703
0.927659
0.92703
0.925815
0.924016
0.921633
0.918669
0.915124
0.911001
0.906303
0.901032
0.895192
0.888787
0.881821
0.874297
0.866221
0.857599
0.848434
0.838734
0.828504
0.81775
0.80648
0.794701
0.78242
0.769644
0.756383
0.742643
0.728435
0.713766
0.698647
0.683086
0.667094
0.650681
0.633856
0.616632
0.599017
0.581025
0.562665
0.54395
0.524892
0.505502
0.485792
0.465776
0.445466
0.424874
0.404014
0.382899
0.361541
0.339956
0.318156
0.296154
0.273966
0.251605
0.229085
0.20642
0.183625
0.160713
0.137701
0.114601
0.0914287
0.0681988
0.0449259
0.0216246
-0.00169043
-0.0250043
-0.0483025
-0.0715701
-0.0947925
-0.117955
-0.141043
-0.164042
-0.186937
-0.209715
-0.232359
-0.254857
-0.277194
-0.299356
-0.321329
-0.343099
-0.364653
-0.385975
-0.407055
-0.427877
-0.448428
-0.468697
-0.488669
-0.508333
-0.527676
-0.546685
-0.56535
-0.583657
-0.601595
-0.619154
-0.636321
-0.653086
-0.669439
-0.685369
-0.700867
-0.715921
-0.730524
-0.744665
-0.758335
-0.771527
-0.784231
-0.79644
-0.808146
-0.819341
-0.830019
-0.840173
-0.849796
-0.858882
-0.867426
-0.875422
-0.882865
-0.889751
-0.896074
-0.901831
-0.907019
-0.911634
-0.915673
-0.919134
-0.922014
-0.924312
-0.926026
-0.927155
-0.927699
-0.927657
-0.927029
-0.925815
-0.924017
-0.921636
-0.918673
-0.91513
-0.91101
-0.906315
-0.901048
-0.895214
-0.888816
-0.881859
-0.874347
-0.866286
-0.857682
-0.848542
-0.838872
-0.82868
-0.817974
-0.806763
-0.795056
-0.782864
-0.770199
-0.757071
-0.743494
-0.729481
-0.715048
-0.700211
-0.684986
-0.669393
-0.65345
-0.63718
-0.620603
-0.603746
-0.586631
-0.569287
-0.551741
-0.534024
-0.516165
-0.498197
-0.480154
-0.46207
-0.44398
-0.425921
-0.40793
-0.390043
-0.372298
-0.354732
-0.337383
-0.320286
-0.303477
-0.286991
-0.270861
-0.255118
-0.23979
-0.224907
-0.210491
-0.196566
-0.18315
-0.170261
-0.157912
-0.146114
-0.134874
-0.124196
-0.114081
-0.104529
-0.095535
-0.087091
-0.0791877
-0.0718131
-0.0649528
-0.0585908
-0.0527092
-0.0472888
-0.0423091
-0.0377489
-0.0335862
-0.0297983
-0.0263627
-0.0232567
-0.0204576
-0.0179435
-0.0156926
-0.013684
-0.0118975
-0.0103137
-0.00891423
-0.00768176
-0.00659992
-0.00565345
-0.00482815
-0.00411089
-0.0034896
-0.00295322
-0.00249169
-0.00209588
-0.00175756
-0.00146935
-0.00122463
-0.00101754
-0.000842863
-0.000696026
-0.000572999
-0.000470262
-0.000384754
-0.000313821
-0.000255174
-0.000206845
-0.000167151
-0.000134655
-0.000108142
-8.65796e-05
-6.91021e-05
-5.4982e-05
-4.36116e-05
-3.44857e-05
-2.7185e-05
-2.13636e-05
-1.67369e-05
-1.30717e-05
-1.01776e-05
-7.89982e-06
-6.11291e-06
-4.71562e-06
-3.62652e-06
-2.78038e-06
-2.12511e-06
-1.61929e-06
-1.23008e-06
-9.31558e-07
-7.03325e-07
-5.29387e-07
-3.97248e-07
-2.97184e-07
-2.21649e-07
-1.64809e-07
-1.22174e-07
-9.02933e-08
-6.65298e-08
-4.88722e-08
-3.57927e-08
-2.61346e-08
-1.90251e-08
-1.38081e-08
-9.99155e-09
-7.20825e-09
-5.18473e-09
-3.71812e-09
-2.65843e-09
-1.8951e-09
-1.34693e-09
-9.54486e-10
-6.74382e-10
-4.7507e-10
-3.33676e-10
-2.33675e-10
-1.63162e-10
-1.13593e-10
-7.88512e-11
-5.4575e-11
-3.76626e-11
-2.59154e-11
-1.77804e-11
-1.21637e-11
-8.29709e-12
-5.64325e-12
-3.82717e-12
-2.58805e-12
-1.74509e-12
-1.17331e-12
-7.86619e-13
-5.25862e-13
-3.5054e-13
-2.33005e-13
-1.54439e-13
-1.02074e-13
-6.72729e-14
-4.42117e-14
-2.89739e-14
-1.89345e-14
-1.23389e-14
-8.0183e-15
-5.19601e-15
-3.35771e-15
-2.16373e-15
-1.39045e-15
-8.91043e-16
-5.69426e-16
-3.62888e-16
-2.30626e-16
-1.46166e-16
-9.23822e-17
-5.82288e-17
-3.66013e-17
-2.29438e-17
-1.43433e-17
-8.94232e-18
-5.55993e-18
-3.44754e-18
-2.13193e-18
-1.31481e-18
-8.08684e-19
-4.96051e-19
-3.03464e-19
-1.8515e-19
-1.12662e-19
-6.83704e-20
-4.13812e-20
-2.49794e-20
-1.50386e-20
-9.02987e-21
-5.40763e-21
-3.22988e-21
-1.92407e-21
-1.14318e-21
-6.77434e-22
-4.00389e-22
-2.36028e-22
-1.38775e-22
-8.13816e-23
-4.76008e-23
-2.777e-23
-1.6159e-23
-9.37841e-24
-5.42907e-24
-3.13475e-24
-1.80537e-24
-1.03709e-24
-5.94231e-25
-3.39614e-25
-1.93602e-25
-1.10085e-25
-6.24374e-26
-3.53233e-26
-1.99333e-26
-1.12203e-26
-6.29987e-27
-3.52832e-27
-1.97113e-27
-1.09844e-27
-6.10591e-28
-3.38565e-28
-1.87263e-28
-1.03319e-28
-5.68638e-29
-3.12187e-29
-1.7097e-29
-9.34017e-30
-5.09003e-30
-2.76706e-30
-1.50056e-30
-8.11753e-31
-4.38061e-31
-2.35823e-31
-1.26643e-31
-6.78452e-32
-3.62582e-32
-1.93304e-32
-1.02808e-32
-5.45467e-33
-2.88711e-33
-1.52445e-33
-8.03017e-34
-4.21984e-34
-2.21223e-34
-1.15699e-34
-6.03661e-35
-3.14215e-35
-1.63166e-35
-8.45291e-36
-4.36874e-36
-2.25259e-36
-1.15874e-36
-5.94661e-37
-3.04463e-37
-1.55519e-37
-7.92531e-38
-4.02937e-38
-2.04384e-38
-1.0343e-38
-5.22204e-39
-2.63043e-39
-1.32194e-39
-6.62815e-40
-3.31569e-40
-1.65484e-40
-8.24029e-41
-4.09386e-41
-2.02923e-41
-1.00355e-41
-4.95171e-42
-2.43772e-42
-1.19737e-42
-5.86794e-43
-2.8692e-43
-1.39977e-43
-6.81353e-44
-3.3091e-44
-1.60351e-44
-7.75283e-45
-3.74004e-45
-1.8002e-45
-8.64563e-46
-4.14291e-46
-1.98083e-46
-9.44988e-47
-4.49824e-47
-2.13648e-47
-1.0125e-47
-4.78776e-48
-2.259e-48
-1.06352e-48
-4.99597e-49
-2.34177e-49
-1.09527e-49
-5.11149e-50
-2.38029e-50
-1.10603e-50
-5.12814e-51
-2.37253e-51
-1.09528e-51
-5.04544e-52
-2.31919e-52
-1.06375e-52
-4.86863e-53
-2.22353e-53
-1.01333e-53
-4.60814e-54
-2.0911e-54
-9.46887e-55
-4.27856e-55
-1.92918e-55
-8.68016e-56
-3.89728e-56
-1.74614e-56
-7.80688e-57
-3.48306e-57
-1.55071e-57
-6.8895e-58
-3.05446e-58
-1.35136e-58
-5.96621e-59
-2.62858e-59
-1.15568e-59
-5.07049e-60
-2.22004e-60
-9.69997e-61
-4.22942e-61
-1.84032e-61
-7.99113e-62
-3.46281e-62
-1.49746e-62
-6.46233e-63
-2.78312e-63
-1.19615e-63
-5.1304e-64
-2.19599e-64
-9.38045e-65
-3.99883e-65
-1.70121e-65
-7.22278e-66
-3.06034e-66
-1.29407e-66
-5.46092e-67
-2.29985e-67
-9.66625e-68
-4.05456e-68
-1.6973e-68
-7.0909e-69
-2.95648e-69
-1.23022e-69
-5.10883e-70
-2.11737e-70
-8.75803e-71
-3.61538e-71
-1.4895e-71
-6.12445e-72
-2.51325e-72
-1.02931e-72
-4.20726e-73
-1.71632e-73
-6.98785e-74
-2.83946e-74
-1.15154e-74
-4.66091e-75
-1.88284e-75
-7.59119e-76
-3.05464e-76
-1.22678e-76
-4.9173e-77
-1.96719e-77
-7.85459e-78
-3.13013e-78
-1.24498e-78
-4.94223e-79
-1.95816e-79
-7.74353e-80
-3.0563e-80
-1.20398e-80
-4.73382e-81
-1.8577e-81
-7.27625e-82
-2.84455e-82
-1.10992e-82
-4.3226e-83
-1.68025e-83
-6.51897e-84
-2.52443e-84
-9.75721e-85
-3.76416e-85
-1.44942e-85
-5.57058e-86
-2.13693e-86
-8.18214e-87
-3.12701e-87
-1.19283e-87
-4.54167e-88
-1.72601e-88
-6.54727e-89
-2.47896e-89
-9.36853e-90
-3.53401e-90
-1.33063e-90
-5.00087e-91
-1.87599e-91
-7.02447e-92
-2.6254e-92
-9.79442e-93
-3.64723e-93
-1.35566e-93
-5.0297e-94
-1.86268e-94
-6.88558e-95
-2.54068e-95
-9.35766e-96
-3.44028e-96
-1.2625e-96
-4.62465e-97
-1.69098e-97
-6.17182e-98
-2.24855e-98
-8.17723e-99
-2.96843e-99
-1.07564e-99
-3.89065e-100
-1.40475e-100
-5.06286e-101
-1.82144e-101
-6.54119e-102
-2.34489e-102
-8.39099e-103
-2.9973e-103
-1.06874e-103
-3.80403e-104
-1.35159e-104
-4.79374e-105
-1.69721e-105
-5.99829e-106
-2.11618e-106
-7.45267e-107
-2.62003e-107
-9.19467e-108
-3.22109e-108
-1.12644e-108
-3.93234e-109
-1.37036e-109
-4.76714e-110
-1.65548e-110
-5.73894e-111
-1.98602e-111
-6.86087e-112
-2.36603e-112
-8.14534e-113
-2.79927e-113
-9.60349e-114
-3.28899e-114
-1.12446e-114
-3.83778e-115
-1.30758e-115
-4.44741e-116
-1.51008e-116
-5.11858e-117
-1.73203e-117
-5.85081e-118
-1.97303e-118
-6.64221e-119
-2.23228e-119
-7.4894e-120
-2.50845e-120
-8.38739e-121
-2.7997e-121
-9.32952e-122
-3.10365e-122
-1.03075e-122
-3.41741e-123
-1.13112e-123
-3.73759e-124
-1.23294e-124
-4.06036e-125
-1.33493e-125
-4.38149e-126
-1.43569e-126
-4.69646e-127
-1.53376e-127
-5.00055e-128
-1.62763e-128
-5.28896e-129
-1.71579e-129
-5.55693e-130
-1.79675e-130
-5.79988e-131
-1.8691e-131
-6.01352e-132
-1.93156e-132
-6.194e-133
-1.98299e-133
-6.33802e-134
-2.02243e-134
-6.4429e-135
-2.04917e-135
-6.50673e-136
-2.06271e-136
-6.52834e-137
-2.06281e-137
-6.50743e-138
-2.04952e-138
-6.44448e-139
-2.02311e-139
-6.34083e-140
-1.98412e-140
-6.19854e-141
-1.93334e-141
-6.02038e-142
-1.87172e-142
-5.80975e-143
-1.80043e-143
-5.57052e-144
-1.72075e-144
-5.30695e-145
-1.63409e-145
-5.02355e-146
-1.54189e-146
-4.72499e-147
-1.44563e-147
-4.41591e-148
-1.34677e-148
-4.10086e-149
-1.24672e-149
-3.78419e-150
-1.1468e-150
-3.46991e-151
-1.04824e-151
-3.16168e-152
-9.52115e-153
-2.86271e-153
-8.59373e-154
-2.57575e-154
-7.70803e-155
-2.30304e-155
-6.87037e-156
-2.04634e-156
-6.08553e-157

