
The Derivative of sin(5x) within the range 0 to 3 is :
5.00046
4.94258
4.7722
4.49228
4.10948
3.63251
3.07231
2.44171
1.75516
1.0284
0.27808
-0.478616
-1.22435
-1.94202
-2.6152
-3.22846
-3.76774
-4.22069
-4.57694
-4.82831
-4.96905
-4.99594
-4.90836
-4.70831
-4.40037
-3.99162
-3.4914
-2.91119
-2.26427
-1.56547
-0.830798
-0.0770931
0.678379
1.41831
2.12574
2.78446
3.37938
3.89688
4.32508
4.65418
4.87664
4.98737
4.98381
4.86607
4.63682
4.30134
3.8673
3.34464
2.74536
2.08316
1.37324
0.631849
-0.124018
-0.877043
-1.60997
-2.30601
-2.94922
-3.52484
-4.01971
-4.42247
-4.72389
-4.91708
-4.99761
-4.96362
-4.81591
-4.55784
-4.19535
-3.73672
-3.19248
-2.57508
-1.89869
-1.17879
-0.431877
0.324929
1.07429
1.79903
2.48256
3.1092
3.6646
4.13603
4.5127
4.78596
4.94957
4.99977
4.9354
4.75795
4.47149
4.08256
3.6001
3.03514
2.40064
1.71114
0.982429
0.231205
-0.52531
-1.26981
-1.98514
-2.65526
-3.26352
-3.80079

Step size is 100
